     1.116161
     1.443216
     1.861468
     2.414485
     3.157677
     4.163915
     5.528802
     7.373009
     9.834093
    13.029577
    16.956205
    21.287134
    25.121494
    27.025063
    25.816021
    21.623674
    15.855786
    10.086700
     5.238483
     1.553363
    -1.106629
    -3.010619
    -4.431056
    -5.596785
    -6.685204
    -7.828762
    -9.122903
   -10.628504
   -12.364425
   -14.287981
   -16.266611
   -18.056824
   -19.323887
   -19.735464
   -19.112116
   -17.538965
   -15.340507
   -12.934427
   -10.677791
    -8.791788
    -7.366547
    -6.404115
    -5.864099
    -5.696823
    -5.862454
    -6.339561
    -7.126732
    -8.239186
    -9.699907
   -11.522214
   -13.678718
   -16.053457
   -18.387154
   -20.256676
   -21.159544
   -20.731659
   -18.975737
   -16.290285
   -13.258840
   -10.390159
    -7.987217
    -6.156009
    -4.876025
    -4.070046
    -3.651000
    -3.546645
    -3.709568
    -4.119427
    -4.781954
    -5.726851
    -7.004556
    -8.679424
   -10.813330
   -13.428925
   -16.439003
   -19.541849
   -22.139534
   -23.429621
   -22.789618
   -20.232105
   -16.446066
   -12.355771
    -8.662195
    -5.692746
    -3.486166
    -1.931334
    -0.869444
    -0.148032
     0.358433
     0.746027
     1.086793
     1.436641
     1.843291
     2.353515
     3.019724
     3.906125
     5.094299
     6.686764
     8.803905
    11.562707
    15.013518
    19.000999
    22.949917
    25.744556
    26.099211
    23.486444
    18.678085
    13.141390
     8.069813
     4.004637
     0.989092
    -1.170277
    -2.729553
    -3.926861
    -4.957185
    -5.972674
    -7.091380
    -8.405303
    -9.982137
   -11.855926
   -14.002175
   -16.296938
   -18.474211
   -20.124697
   -20.796478
   -20.202145
   -18.403536
   -15.802699
   -12.938275
   -10.262991
    -8.040911
    -6.362085
    -5.206396
    -4.505175
    -4.182573
    -4.177569
    -4.453071
    -4.997999
    -5.826057
    -6.972468
    -8.487488
   -10.422420
   -12.799981
   -15.558360
   -18.466463
   -21.046339
   -22.610737
   -22.533449
   -20.652075
   -17.426441
   -13.659287
   -10.069456
    -7.068908
    -4.779532
    -3.146673
    -2.042835
    -1.331048
    -0.894142
    -0.643419
    -0.517299
    -0.476325
    -0.497821
    -0.571575
    -0.696985
    -0.881636
    -1.141225
    -1.500740
    -1.996932
    -2.682173
    -3.629725
    -4.939926
    -6.745112
    -9.206214
   -12.482360
   -16.632399
   -21.388514
   -25.820028
   -28.259262
   -27.171440
   -22.571297
   -16.112049
    -9.674420
    -4.320281
    -0.292847
     2.591791
     4.647080
     6.175307
     7.420607
     8.562935
     9.725166
    10.980345
    12.353520
    13.816938
    15.281754
    16.595371
    17.558916
    17.976385
    17.727270
    16.826475
    15.429859
    13.778593
    12.119012
    10.642815
     9.466256
     8.639813
     8.170738
     8.045282
     8.244622
     8.753273
     9.560570
    10.655706
    12.016088
    13.588668
    15.266277
    16.867689
    18.140490
    18.809841
    18.675009
    17.708050
    16.082375
    14.103446
    12.092013
    10.294274
     8.851726
     7.816823
     7.186241
     6.932114
     7.023736
     7.439338
     8.169904
     9.216512
    10.581168
    12.249392
    14.162500
    16.181507
    18.056931
    19.438414
    19.963188
    19.414639
    17.853201
    15.604519
    13.108084
    10.747398
     8.762643
     7.252480
     6.219572
     5.619900
     5.398686
     5.511125
     5.931783
     6.656842
     7.701620
     9.093370
    10.856675
    12.986063
    15.400329
    17.882000
    20.033840
    21.325348
    21.291800
    19.807053
    17.195864
    14.060092
    10.982291
     8.339347
     6.283382
     4.811721
     3.846528
     3.291011
     3.059961
     3.092547
     3.355481
     3.842143
     4.570735
     5.582492
     6.939161
     8.716522
    10.986789
    13.776875
    16.985935
    20.262604
    22.915686
    24.046906
    23.028698
    20.000353
    15.815099
    11.480632
     7.685037
     4.700212
     2.511250
     0.970150
    -0.103605
    -0.874972
    -1.478175
    -2.018049
    -2.578074
    -3.230095
    -4.043524
    -5.093066
    -6.463870
    -8.251359
   -10.549109
   -13.411237
   -16.769085
   -20.293570
   -23.269197
   -24.692841
   -23.791935
   -20.641273
   -16.165192
   -11.497203
    -7.411299
    -4.205276
    -1.854076
    -0.187300
     0.998338
     1.887370
     2.630528
     3.347399
     4.135759
     5.081926
     6.269140
     7.781462
     9.699147
    12.077765
    14.899029
    17.984125
    20.891886
    22.904745
    23.264063
    21.634102
    18.391485
    14.394876
    10.483072
     7.164555
     4.606335
     2.760118
     1.485377
     0.625539
     0.043171
    -0.369771
    -0.693947
    -0.989380
    -1.303171
    -1.676717
    -2.152167
    -2.778374
    -3.616695
    -4.746612
    -6.270079
    -8.310632
   -10.996859
   -14.407456
   -18.441006
   -22.593834
   -25.780598
   -26.609259
   -24.328899
   -19.568928
   -13.847754
    -8.498614
    -4.166925
    -0.938209
     1.376924
     3.045516
     4.319416
     5.405120
     6.462410
     7.612527
     8.945734
    10.522269
    12.362229
    14.421375
    16.555603
    18.492285
    19.849659
    20.247635
    19.489508
    17.691868
    15.242030
    12.614698
    10.194921
     8.203982
     6.717046
     5.717648
     5.149413
     4.951066
     5.075378
     5.497109
     6.214485
     7.246744
     8.627765
    10.392962
    12.553576
    15.050863
    17.689354
    20.076014
    21.642557
    21.839951
    20.454126
    17.780453
    14.463593
    11.158071
     8.296663
     6.056832
     4.437849
     3.351861
     2.688001
     2.346694
     2.253505
     2.361990
     2.652034
     3.127321
     3.813664
     4.758541
     6.031016
     7.719397
     9.920369
    12.706721
    16.052233
    19.695749
    22.985378
    24.897482
    24.494699
    21.636911
    17.164522
    12.291621
     7.923214
     4.447918
     1.877947
     0.046518
    -1.260599
    -2.242586
    -3.063800
    -3.854895
    -4.721933
    -5.756704
    -7.044437
    -8.665660
   -10.687212
   -13.134211
   -15.933073
   -18.826674
   -21.306253
   -22.676229
   -22.354361
   -20.263224
   -16.929596
   -13.163435
    -9.646457
    -6.746577
    -4.555714
    -3.005366
    -1.964991
    -1.299976
    -0.897447
    -0.673172
    -0.569532
    -0.550457
    -0.596278
    -0.699735
    -0.863499
    -1.099177
    -1.427727
    -1.881240
    -2.506131
    -3.367748
    -4.556119
    -6.191289
    -8.423196
   -11.412183
   -15.257948
   -19.822124
   -24.421358
   -27.615776
   -27.725470
   -24.191034
   -18.220049
   -11.729635
    -6.057070
    -1.668307
     1.515479
     3.779685
     5.433293
     6.738640
     7.895698
     9.046556
    10.283369
    11.652035
    13.148566
    14.709111
    16.200233
    17.423601
    18.152544
    18.205048
    17.525459
    16.222593
    14.533074
    12.734308
    11.062685
     9.673427
     8.641719
     7.985626
     7.692657
     7.740551
     8.109763
     8.788258
     9.769582
    11.044351
    12.584274
    14.318355
    16.105139
    17.715136
    18.849976
    19.221844
    18.676052
    17.281195
    15.311068
    13.127980
    11.053632
     9.299129
     7.961731
     7.057602
     6.560596
     6.432292
     6.640218
     7.166306
     8.008181
     9.174588
    10.674184
    12.494911
    14.570992
    16.739895
    18.708273
    20.071154
    20.430786
    19.590355
    17.686752
    15.135465
    12.430975
     9.963542
     7.949171
     6.453942
     5.452908
     4.883435
     4.680237
     4.793790
     5.197753
     5.890226
     6.891502
     8.238504
     9.973262
    12.119534
    14.639120
    17.363569
    19.921507
    21.735651
    22.196100
    20.996399
    18.370062
    14.969688
    11.505036
     8.465865
     6.064084
     4.310705
     3.115551
     2.359074
     1.931112
     1.746564
     1.748524
     1.906100
     2.211073
     2.675415
     3.330432
     4.227534
     5.439852
     7.062501
     9.206040
    11.970868
    15.379429
    19.237822
    22.942316
    25.411026
    25.490408
    22.801809
    18.140614
    12.871235
     8.073968
     4.233553
     1.384588
    -0.653935
    -2.121219
    -3.240627
    -4.196247
    -5.133412
    -6.167733
    -7.394317
    -8.892113
   -10.718746
   -12.890062
   -15.338878
   -17.856335
   -20.047827
   -21.377977
   -21.371254
   -19.892015
   -17.264423
   -14.098484
   -10.986992
    -8.313700
    -6.233172
    -4.742198
    -3.761068
    -3.190796
    -2.944075
    -2.958151
    -3.197903
    -3.654869
    -4.345346
    -5.308752
    -6.605652
    -8.312689
   -10.507969
   -13.234658
   -16.425327
   -19.780302
   -22.656013
   -24.141756
   -23.497896
   -20.714533
   -16.577393
   -12.136749
    -8.165420
    -5.000854
    -2.659880
    -1.002130
     0.157260
     0.991739
     1.644300
     2.227380
     2.830651
     3.530959
     4.401791
     5.520952
     6.974970
     8.856810
    11.249207
    14.179223
    17.525970
    20.885618
    23.487167
    24.377918
    22.977989
    19.568913
    15.127495
    10.688220
     6.894823
     3.960955
     1.829117
     0.327635
    -0.734857
    -1.527765
    -2.187776
    -2.822799
    -3.521326
    -4.362597
    -5.425335
    -6.793389
    -8.555368
   -10.792028
   -13.539523
   -16.712658
   -19.986477
   -22.701607
   -23.972404
   -23.136667
   -20.265259
   -16.162846
   -11.836851
    -8.004252
    -4.966784
    -2.728430
    -1.149748
    -0.052527
     0.728704
     1.329390
     1.855225
     2.389703
     3.003676
     3.764587
     4.744431
     6.025607
     7.702544
     9.873652
    12.611842
    15.893785
    19.471325
    22.722849
    24.665216
    24.377760
    21.683613
    17.359173
    12.580077
     8.252524
     4.785306
     2.210617
     0.375062
    -0.928109
    -1.894188
    -2.685295
    -3.430325
    -4.233569
    -5.185163
    -6.369773
    -7.870756
    -9.765738
   -12.106255
   -14.870303
   -17.880091
   -20.707630
   -22.665424
   -23.030327
   -21.478405
   -18.359230
   -14.487723
   -10.673652
    -7.419695
    -4.900937
    -3.080732
    -1.828800
    -0.996377
    -0.452025
    -0.092938
     0.156027
     0.348125
     0.521480
     0.705223
     0.924656
     1.205623
     1.578531
     2.082492
     2.770037
     3.712650
     5.006780
     6.778259
     9.178563
    12.355652
    16.362343
    20.949373
    25.259588
    27.747761
    26.937263
    22.728760
    16.596212
    10.343273
     5.059918
     1.044151
    -1.848618
    -3.912290
    -5.442738
    -6.685016
    -7.824338
    -8.992269
   -10.274125
   -11.710894
   -13.292893
   -14.946375
   -16.520775
   -17.793491
   -18.513071
   -18.485067
   -17.664589
   -16.192268
   -14.342066
   -12.417757
   -10.664804
    -9.233950
    -8.189657
    -7.538864
    -7.260560
    -7.327479
    -7.718462
    -8.422865
    -9.438310
   -10.761847
   -12.373194
   -14.208719
   -16.128946
   -17.893745
   -19.175835
   -19.644777
   -19.109266
   -17.630426
   -15.508646
   -13.148871
   -10.908711
    -9.017653
    -7.575582
    -6.592254
    -6.032034
    -5.847490
    -5.999280
    -6.465345
    -7.242903
    -8.345180
    -9.792511
   -11.594906
   -13.721386
   -16.053524
   -18.333683
   -20.148172
   -21.012066
   -20.578920
   -18.856522
   -16.231577
   -13.268195
   -10.460082
    -8.104133
    -6.307180
    -5.052775
    -4.268423
    -3.871298
    -3.792697
    -3.988175
    -4.439999
    -5.156215
    -6.168260
    -7.526768
    -9.292518
   -11.515755
   -14.192687
   -17.188210
   -20.135668
   -22.390919
   -23.192129
   -22.073940
   -19.230030
   -15.417925
   -11.497963
    -8.060657
    -5.349509
    -3.363106
    -1.981691
    -1.053838
    -0.440284
    -0.029501
     0.261499
     0.492563
     0.707420
     0.940365
     1.222061
     1.584584
     2.066164
     2.716073
     3.600012
     4.805839
     6.448098
     8.666245
    11.603019
    15.333221
    19.696291
    24.024191
    26.981541
    27.058222
    23.762959
    18.179073
    12.051738
     6.639615
     2.414500
    -0.669823
    -2.870228
    -4.478004
    -5.747166
    -6.876562
    -8.013375
    -9.261247
   -10.684493
   -12.303855
   -14.082045
   -15.902364
   -17.553814
   -18.748846
   -19.199036
   -18.736721
   -17.411587
   -15.483290
   -13.311138
   -11.223237
    -9.440650
    -8.069385
    -7.131228
    -6.602641
    -6.445670
    -6.627099
    -7.127604
    -7.943564
    -9.082969
   -10.554796
   -12.349284
   -14.406000
   -16.571405
   -18.563145
   -19.983364
   -20.428988
   -19.682343
   -17.853594
   -15.341295
   -12.639629
   -10.149759
    -8.100780
    -6.568604
    -5.533664
    -4.935219
    -4.707745
    -4.800429
    -5.185258
    -5.858620
    -6.839270
    -8.162982
    -9.871487
   -11.990006
   -14.485086
   -17.197905
   -19.771088
   -21.639151
   -22.189083
   -21.089674
   -18.541292
   -15.177653
   -11.711487
    -8.647441
    -6.212312
    -4.426808
    -3.205312
    -2.429485
    -1.988697
    -1.796796
    -1.795820
    -1.954079
    -2.262889
    -2.734078
    -3.399086
    -4.309655
    -5.539284
    -7.183153
    -9.350803
   -12.138984
   -15.561264
   -19.407238
   -23.052380
   -25.407824
   -25.351740
   -22.565847
   -17.882263
   -12.652968
    -7.923328
    -4.150819
    -1.357710
     0.639323
     2.077347
     3.176384
     4.117418
     5.043453
     6.068686
     7.287784
     8.780377
    10.606163
    12.784746
    15.254231
    17.810896
    20.060720
    21.458523
    21.507860
    20.051891
    17.408163
    14.197430
    11.030005
     8.303129
     6.177461
     4.650235
     3.639299
     3.042234
     2.768230
     2.751220
     2.952897
     3.361565
     3.990133
     4.874586
     6.072710
     7.660941
     9.724087
    12.327212
    15.452197
    18.883640
    22.072674
    24.126732
    24.152418
    21.872944
    17.905970
    13.337046
     9.082163
     5.605862
     2.993075
     1.124449
    -0.188833
    -1.133619
    -1.867711
    -2.516491
    -3.179878
    -3.942447
    -4.883219
    -6.083231
    -7.628830
    -9.606440
   -12.080170
   -15.037987
   -18.293995
   -21.369402
   -23.471262
   -23.763212
   -21.901419
   -18.346428
   -14.063723
    -9.948973
    -6.510310
    -3.887164
    -2.000933
    -0.687387
     0.226725
     0.891023
     1.424080
     1.917840
     2.446331
     3.075065
     3.869684
     4.903280
     6.261495
     8.042798
    10.347323
    13.240310
    16.667990
    20.312542
    23.447252
    25.016062
    24.170782
    20.952316
    16.323524
    11.484544
     7.253029
     3.938324
     1.508801
    -0.217901
    -1.456545
    -2.401080
    -3.209754
    -4.008336
    -4.899807
    -5.974440
    -7.316732
    -9.005749
   -11.103408
   -13.621904
   -16.461000
   -19.321196
   -21.649612
   -22.743717
   -22.088331
   -19.722033
   -16.254049
   -12.495781
    -9.076704
    -6.307564
    -4.242674
    -2.796562
    -1.835144
    -1.226861
    -0.864149
    -0.668148
    -0.585831
    -0.584808
    -0.648381
    -0.771873
    -0.960494
    -1.228709
    -1.601034
    -2.114234
    -2.820964
    -3.794791
    -5.135957
    -6.975407
    -9.469542
   -12.766307
   -16.901705
   -21.572222
   -25.818933
   -28.008926
   -26.731186
   -22.108812
   -15.777326
    -9.524074
    -4.339862
    -0.442600
     2.351251
     4.347056
     5.839195
     7.066475
     8.206578
     9.383102
    10.672505
    12.105145
    13.658546
    15.245398
    16.705486
    17.818586
    18.355087
    18.160238
    17.231199
    15.732272
    13.933236
    12.113544
    10.489570
     9.189537
     8.265561
     7.720786
     7.535632
     7.686397
     8.155308
     8.933135
    10.015264
    11.390939
    13.024536
    14.828907
    16.636770
    18.188560
    19.167017
    19.297022
    18.475403
    16.840256
    14.716911
    12.480637
    10.434085
     8.756866
     7.517917
     6.714670
     6.311776
     6.268548
     6.554437
     7.155343
     8.073412
     9.321179
    10.908712
    12.820402
    14.978271
    17.195744
    19.145905
    20.395441
    20.548964
    19.456888
    17.327280
    14.628610
    11.867009
     9.412374
     7.450125
     6.020536
     5.082383
     4.565160
     4.401299
     4.542089
     4.963477
     5.666536
     6.675077
     8.030399
     9.780393
    11.956721
    14.530736
    17.341866
    20.016544
    21.954100
    22.499834
    21.306068
    18.601711
    15.073337
    11.473688
     8.319438
     5.829661
     4.010523
     2.762602
     1.956781
     1.474306
     1.222334
     1.136327
     1.176932
     1.325613
     1.581090
     1.957400
     2.483792
     3.206401
     4.191381
     5.528521
     7.332571
     9.734983
    12.848960
    16.675291
    20.912998
    24.720760
    26.733362
    25.768715
    21.852724
    16.281528
    10.599580
     5.762322
     2.055070
    -0.631472
    -2.552530
    -3.975775
    -5.129898
    -6.194419
    -7.305542
    -8.564683
   -10.042367
   -11.772674
   -13.734761
   -15.821907
   -17.809917
   -19.357275
   -20.081530
   -19.718536
   -18.276995
   -16.057209
   -13.509374
   -11.048480
    -8.946390
    -7.322665
    -6.189097
    -5.502496
    -5.204447
    -5.244787
    -5.592642
    -6.239684
    -7.198632
    -8.497649
   -10.168585
   -12.224086
   -14.616843
   -17.179028
   -19.562307
   -21.243141
   -21.679026
   -20.597101
   -18.196808
   -15.053647
   -11.811810
    -8.934733
    -6.639778
    -4.957141
    -3.817258
    -3.117872
    -2.762423
    -2.677099
    -2.815713
    -3.159149
    -3.713315
    -4.507459
    -5.593051
    -7.041814
    -8.938907
   -11.362632
   -14.335097
   -17.724821
   -21.106674
   -23.680317
   -24.476418
   -22.937553
   -19.398249
   -14.875640
   -10.408464
    -6.622042
    -3.709324
    -1.598716
    -0.111180
     0.947766
     1.748642
     2.428713
     3.096721
     3.842587
     4.747574
     5.892585
     7.362594
     9.243534
    11.604165
    14.450030
    17.636147
    20.750912
    23.066174
    23.738632
    22.304508
    19.066381
    14.914180
    10.773989
     7.227888
     4.477916
     2.481112
     1.087618
     0.126773
    -0.553207
    -1.073741
    -1.528278
    -1.990124
    -2.521510
    -3.182206
    -4.037186
    -5.163008
    -6.651757
    -8.608920
   -11.136251
   -14.281640
   -17.930405
   -21.634804
   -24.493113
   -25.371309
   -23.611736
   -19.628338
   -14.623604
    -9.770213
    -5.724514
    -2.649736
    -0.430395
     1.149856
     2.312563
     3.247482
     4.106515
     5.010666
     6.060291
     7.343312
     8.937492
    10.901903
    13.250457
    15.900209
    18.598886
    20.874743
    22.107031
    21.791281
    19.867758
    16.801283
    13.311880
    10.021907
     7.284459
     5.204380
     3.735198
     2.767615
     2.184652
     1.888074
     1.807129
     1.898611
     2.143918
     2.546072
     3.128080
     3.932936
     5.024843
     6.490067
     8.433411
    10.961001
    14.130692
    17.842119
    21.657698
    24.661211
    25.662935
    23.936863
    19.879341
    14.738001
     9.742676
     5.580648
     2.420276
     0.139067
    -1.489028
    -2.694173
    -3.672798
    -4.581637
    -5.544858
    -6.664040
    -8.025332
    -9.699377
   -11.728781
   -14.096528
   -16.671801
   -19.147724
   -21.027315
   -21.747568
   -20.957359
   -18.762722
   -15.692535
   -12.407896
    -9.421296
    -6.996133
    -5.190975
    -3.948011
    -3.166132
    -2.744682
    -2.603843
    -2.691158
    -2.981526
    -3.475172
    -4.195797
    -5.189501
    -6.523533
    -8.281797
   -10.550082
   -13.377454
   -16.693996
   -20.176636
   -23.126600
   -24.562988
   -23.721437
   -20.656675
   -16.260147
   -11.645813
    -7.587470
    -4.392154
    -2.044476
    -0.380950
     0.797466
     1.672738
     2.393810
     3.078658
     3.823332
     4.712317
     5.827364
     7.252637
     9.072769
    11.357055
    14.117966
    17.231050
    20.324516
    22.719423
    23.592054
    22.428007
    19.431454
    15.421808
    11.320600
     7.746289
     4.941166
     2.889683
     1.456100
     0.475322
    -0.202951
    -0.699754
    -1.107529
    -1.496998
    -1.925660
    -2.446032
    -3.113131
    -3.991202
    -5.159533
    -6.715998
    -8.774087
   -11.442894
   -14.768767
   -18.608807
   -22.436678
   -25.226347
   -25.763720
   -23.479485
   -19.004913
   -13.697352
    -8.735502
    -4.701095
    -1.682175
     0.484548
     2.039048
     3.212190
     4.196369
     5.143651
     6.174168
     7.385493
     8.857561
    10.648441
    12.775463
    15.176481
    17.654243
    19.833086
    21.197283
    21.276428
    19.914545
    17.399895
    14.314497
    11.243870
     8.580311
     6.491966
     4.987297
     3.994339
     3.418477
     3.174650
     3.201323
     3.464331
     3.956307
     4.694885
     5.720764
     7.094811
     8.890877
    11.176958
    13.971716
    17.160728
    20.376366
    22.920557
    23.916517
    22.787827
    19.719093
    15.567332
    11.310017
     7.601731
     4.694702
     2.567877
     1.074771
     0.039382
    -0.698159
    -1.267313
    -1.768606
    -2.281456
    -2.873600
    -3.610105
    -4.561197
    -5.808238
    -7.445964
    -9.575952
   -12.280024
   -15.553664
   -19.179419
   -22.567619
   -24.733820
   -24.688276
   -22.148987
   -17.839605
   -12.966656
    -8.500575
    -4.898083
    -2.212195
    -0.292354
     1.073376
     2.087659
     2.919592
     3.703797
     4.548901
     5.547954
     6.786781
     8.347087
    10.299785
    12.680866
    15.439634
    18.356565
    20.965010
    22.582575
    22.573305
    20.752325
    17.560053
    13.795728
    10.187712
     7.160231
     4.843857
     3.188121
     2.066603
     1.341801
     0.895418
     0.637551
     0.505544
     0.459030
     0.474543
     0.541121
     0.657348
     0.829836
     1.073014
     1.410163
     1.875705
     2.518839
     3.408618
     4.640129
     6.340083
     8.666104
    11.783921
    15.786098
    20.492414
    25.117872
    28.092281
    27.726788
    23.671663
    17.370237
    10.788199
     5.171867
     0.888905
    -2.195166
    -4.386325
    -5.995649
    -7.279795
    -8.430224
    -9.579239
   -10.807826
   -12.148819
   -13.583537
   -15.034305
   -16.360786
   -17.373579
   -17.877293
   -17.738964
   -16.950619
   -15.644495
   -14.047370
   -12.403850
   -10.913108
    -9.702183
    -8.831186
    -8.313924
    -8.140029
    -8.291644
    -8.752813
    -9.511923
   -10.557709
   -11.868724
   -13.395993
   -15.040495
   -16.633070
   -17.933985
   -18.674450
   -18.645496
   -17.796124
   -16.271921
   -14.359200
   -12.374415
   -10.571031
    -9.102249
    -8.031175
    -7.361737
    -7.069828
    -7.125810
    -7.507260
    -8.203560
    -9.213896
   -10.538741
   -12.163383
   -14.031637
   -16.011457
   -17.865484
   -19.257833
   -19.834459
   -19.372501
   -17.910662
   -15.748950
   -13.310876
   -10.977855
    -8.997204
    -7.477345
    -6.429214
    -5.814272
    -5.580663
    -5.684650
    -6.100646
    -6.823815
    -7.867645
    -9.256526
   -11.010729
   -13.118761
   -15.492342
   -17.908882
   -19.974304
   -21.176098
   -21.079721
   -19.584122
   -17.016052
   -13.957364
   -10.965281
    -8.399612
    -6.406333
    -4.984047
    -4.059564
    -3.541573
    -3.350105
    -3.429107
    -3.749765
    -4.309840
    -5.131821
    -6.260577
    -7.759085
    -9.697871
   -12.129319
   -15.032893
   -18.219891
   -21.220753
   -23.268757
   -23.560587
   -21.764191
   -18.315685
   -14.141118
   -10.110768
    -6.728233
    -4.140200
    -2.278060
    -0.986219
    -0.097973
     0.531248
     1.015592
     1.442385
     1.880166
     2.387524
     3.021399
     3.844493
     4.931632
     6.374110
     8.278804
    10.753773
    13.863008
    17.523447
    21.332569
    24.419014
    25.607504
    24.113693
    20.236078
    15.169947
    10.162045
     5.944045
     2.719877
     0.385626
    -1.278258
    -2.501514
    -3.482370
    -4.379653
    -5.319222
    -6.404045
    -7.722034
    -9.347396
   -11.330415
   -13.668996
   -16.256723
   -18.816971
   -20.872021
   -21.839479
   -21.299240
   -19.274136
   -16.251436
   -12.909145
    -9.806474
    -7.249854
    -5.323365
    -3.978652
    -3.114121
    -2.623905
    -2.421373
    -2.447064
    -2.669065
    -3.080854
    -3.699195
    -4.563056
    -5.733165
    -7.290225
    -9.326825
   -11.922582
   -15.084004
   -18.628918
   -22.032635
   -24.377268
   -24.667110
   -22.501688
   -18.459738
   -13.691648
    -9.205468
    -5.523833
    -2.749766
    -0.759088
     0.650145
     1.678891
     2.497493
     3.241966
     4.021358
     4.928171
     6.047712
     7.463652
     9.256230
    11.486711
    14.157650
    17.138828
    20.070051
    22.316833
    23.127190
    22.038073
    19.234110
    15.459371
    11.565963
     8.143725
     5.439638
     3.456433
     2.077640
     1.154085
     0.548039
     0.149195
    -0.124190
    -0.330406
    -0.511058
    -0.697472
    -0.916154
    -1.193396
    -1.559438
    -2.052671
    -2.724320
    -3.643907
    -4.905209
    -6.630861
    -8.969579
   -12.070049
   -15.996721
   -20.535522
   -24.894110
   -27.583467
   -27.085188
   -23.152449
   -17.147909
   -10.884921
    -5.522692
    -1.415885
     1.552646
     3.668947
     5.230123
     6.485600
     7.625562
     8.786458
    10.058661
    11.489026
    13.075153
    14.751800
    16.376196
    17.728479
    18.549507
    18.625002
    17.884604
    16.450165
    14.592120
    12.624451
    10.808409
     9.308626
     8.198245
     7.487818
     7.156484
     7.175375
     7.521340
     8.182373
     9.156290
    10.442953
    12.028759
    13.861638
    15.817848
    17.672182
    19.100615
    19.752220
    19.391232
    18.030386
    15.944531
    13.545421
    11.217555
     9.219248
     7.670527
     6.590827
     5.946375
     5.687152
     5.769388
     6.166420
     6.871820
     7.897241
     9.265198
    10.994352
    13.072556
    15.413170
    17.799389
    19.847916
    21.058743
    21.002918
    19.570711
    17.069683
    14.064499
    11.105574
     8.555198
     6.565816
     5.142440
     4.216636
     3.700155
     3.514888
     3.605993
     3.945607
     4.532391
     5.389644
     6.562590
     8.113140
    10.107344
    12.586194
    15.506161
    18.641815
    21.484280
    23.260677
    23.234922
    21.195835
    17.664032
    13.557170
     9.678710
     6.467095
     4.031888
     2.292354
     1.094929
     0.280764
    -0.285518
    -0.709326
    -1.070028
    -1.428605
    -1.835846
    -2.339955
    -2.993432
    -3.859426
    -5.017431
    -6.567080
    -8.625825
   -11.309897
   -14.676511
   -18.594730
   -22.540089
   -25.457851
   -26.069904
   -23.754210
   -19.155958
   -13.694169
    -8.597786
    -4.464942
    -1.378675
     0.835562
     2.428118
     3.637550
     4.661396
     5.654714
     6.738490
     8.008353
     9.537849
    11.371473
    13.502495
    15.833014
    18.125776
    19.985342
    20.933872
    20.611322
    18.994869
    16.442636
    13.508468
    10.693765
     8.310462
     6.478838
     5.190998
     4.378488
     3.959537
     3.864904
     4.048941
     4.492543
     5.202398
     6.208609
     7.560400
     9.316961
    11.526775
    14.184499
    17.154902
    20.074913
    22.309620
    23.109440
    22.015066
    19.212938
    15.445464
    11.561402
     8.147973
     5.451054
     3.473378
     2.098984
     1.179331
     0.577305
     0.183169
    -0.084264
    -0.282676
    -0.452938
    -0.625425
    -0.825363
    -1.077290
    -1.409036
    -1.855679
    -2.463957
    -3.297477
    -4.442692
    -6.014451
    -8.156793
   -11.026782
   -14.732709
   -19.175941
   -23.765121
   -27.177450
   -27.742472
   -24.706367
   -19.047348
   -12.629868
    -6.880991
    -2.367456
     0.931852
     3.281002
     4.986737
     6.316878
     7.479280
     8.624555
     9.854094
    11.224557
    12.744875
    14.365465
    15.964732
    17.346218
    18.266537
    18.506384
    17.964212
    16.716043
    14.993906
    13.095991
    11.289745
     9.757489
     8.591148
     7.815498
     7.417996
     7.373084
     7.657447
     8.256883
     9.166182
    10.382539
    11.891618
    13.644867
    15.529185
    17.338766
    18.774187
    19.502161
    19.281658
    18.092710
    16.165985
    13.881180
    11.613942
     9.631762
     8.070804
     6.965485
     6.292578
     6.008020
     6.070438
     6.453111
     7.147804
     8.162854
     9.515758
    11.218100
    13.248673
    15.511594
    17.786003
    19.699066
    20.782858
    20.653797
    19.233471
    16.823917
    13.954297
    11.135933
     8.707110
     6.813443
     5.463971
     4.598732
     4.138603
     4.013752
     4.176514
     4.605325
     5.304382
     6.301281
     7.642539
     9.384166
    11.570870
    14.193475
    17.114985
    19.977146
    22.161263
    22.942495
    21.878122
    19.146572
    15.463586
    11.653726
     8.294292
     5.632937
     3.678999
     2.323481
     1.423607
     0.846804
     0.487201
     0.267472
     0.134451
     0.053117
     0.001042
    -0.035996
    -0.067198
    -0.098965
    -0.136438
    -0.184623
    -0.249317
    -0.338025
    -0.461024
    -0.632749
    -0.873709
    -1.213186
    -1.693056
    -2.373120
    -3.338282
    -4.707345
    -6.641205
    -9.341964
   -13.017912
   -17.754435
   -23.196228
   -28.069857
   -30.169537
   -27.802191
   -21.592562
   -13.924467
    -6.878575
    -1.332803
     2.690423
     5.505190
     7.474943
     8.906172
    10.025058
    10.983314
    11.870866
    12.727553
    13.552312
    14.311216
    14.947030
    15.392698
    15.589090
    15.503702
    15.143991
    14.559462
    13.831326
    13.054415
    12.318927
    11.697879
    11.242127
    10.981364
    10.928119
    11.082025
    11.432567
    11.959499
    12.630945
    13.399975
    14.201427
    14.951781
    15.555456
    15.919619
    15.975678
    15.700217
    15.125376
    14.332450
    13.431196
    12.534450
    11.738078
    11.111161
    10.695546
    10.510871
    10.560996
    10.839022
    11.329446
    12.007067
    12.832997
    13.749089
    14.673392
    15.500871
    16.114101
    16.406023
    16.309879
    15.823748
    15.015875
    14.006482
    12.935199
    11.929694
    11.086650
    10.467093
    10.101621
     9.999478
    10.156922
    10.562369
    11.197443
    12.033841
    13.026671
    14.105973
    15.170193
    16.087814
    16.714031
    16.924381
    16.655754
    15.934244
    14.871867
    13.632373
    12.385200
    11.269550
    10.378936
     9.763473
     9.441386
     9.411960
     9.665398
    10.187808
    10.960922
    11.956717
    13.127529
    14.393577
    15.632810
    16.682076
    17.360155
    17.515593
    17.083502
    16.119217
    14.784270
    13.291841
    11.844402
    10.593242
     9.627972
     8.987025
     8.675991
     8.684595
     8.998199
     9.602885
    10.484347
    11.620734
    12.969585
    14.450152
    15.926295
    17.201927
    18.045971
    18.255716
    17.738888
    16.565023
    14.945765
    13.155281
    11.443256
     9.984112
     8.869863
     8.129583
     7.756053
     7.728142
     8.025147
     8.633224
     9.544934
    10.752284
    12.232553
    13.926270
    15.709858
    17.374233
    18.633471
    19.189934
    18.850943
    17.632931
    15.770107
    13.614709
    11.503922
     9.674562
     8.246940
     7.252201
     6.671218
     6.466893
     6.604822
     7.063627
     7.837631
     8.933515
    10.360655
    12.112758
    14.137661
    16.295958
    18.322998
    19.833273
    20.416851
    19.823709
    18.120247
    15.675472
    12.981156
    10.455557
     8.349458
     6.755472
     5.663372
     5.015811
     4.746994
     4.804002
     5.156028
     5.796600
     6.741901
     8.025822
     9.689664
    11.761212
    14.215101
    16.908844
    19.508909
    21.470337
    22.175684
    21.251703
    18.840614
    15.541671
    12.071801
     8.961843
     6.465310
     4.620410
     3.349719
     2.536966
     2.070497
     1.862029
     1.851409
     2.005140
     2.313223
     2.786621
     3.456241
     4.373478
     5.611481
     7.264758
     9.441329
    12.234684
    15.652294
    19.474707
    23.069672
    25.353428
    25.230877
    22.416428
    17.751131
    12.569092
     7.892814
     4.166564
     1.409023
    -0.561775
    -1.979984
    -3.062731
    -3.988661
    -4.899120
    -5.907372
    -7.108051
    -8.582067
   -10.392492
   -12.565515
   -15.049814
   -17.654840
   -19.995619
   -21.519379
   -21.697271
   -20.328077
   -17.702579
   -14.447914
   -11.201446
    -8.387220
    -6.181911
    -4.588173
    -3.522688
    -2.878851
    -2.560737
    -2.497112
    -2.644627
    -2.986510
    -3.530323
    -4.306404
    -5.367136
    -6.785700
    -8.650566
   -11.047462
   -14.013283
   -17.441059
   -20.934523
   -23.702719
   -24.731054
   -23.366579
   -19.870787
   -15.268198
   -10.657968
    -6.721856
    -3.681575
    -1.471925
     0.090873
     1.209658
     2.063424
     2.796850
     3.524906
     4.342720
     5.335732
     6.587358
     8.181470
    10.195016
    12.672090
    15.567052
    18.651203
    21.419024
    23.116899
    23.042206
    21.009327
    17.534929
    13.509888
     9.711406
     6.564951
     4.178738
     2.476373
     1.310153
     0.526810
    -0.004092
    -0.383394
    -0.685756
    -0.966717
    -1.270250
    -1.635665
    -2.103767
    -2.722588
    -3.553055
    -4.674617
    -6.189744
    -8.223433
   -10.907414
   -14.326167
   -18.386866
   -22.593376
   -25.855021
   -26.750048
   -24.489197
   -19.692652
   -13.904096
    -8.486384
    -4.099534
    -0.830888
     1.512378
     3.201533
     4.491846
     5.592070
     6.663049
     7.825812
     9.168859
    10.748647
    12.578985
    14.607025
    16.679876
    18.521578
    19.760620
    20.044516
    19.211737
    17.401218
    14.997180
    12.452330
    10.126774
     8.224720
     6.814116
     5.878388
     5.364743
     5.216738
     5.391900
     5.868998
     6.649044
     7.752074
     9.209239
    11.046871
    13.256554
    15.745341
    18.271343
    20.402740
    21.581821
    21.352451
    19.642637
    16.845581
    13.602525
    10.494014
     7.871432
     5.858955
     4.433631
     3.506142
     2.974552
     2.752045
     2.777631
     3.018059
     3.466330
     4.139729
     5.078406
     6.343964
     8.015472
    10.176832
    12.883481
    16.090084
    19.527643
    22.575418
    24.302162
    23.884737
    21.216480
    17.052719
    12.488517
     8.361513
     5.052360
     2.594263
     0.846671
    -0.382451
    -1.275402
    -1.983518
    -2.626544
    -3.300582
    -4.088331
    -5.068587
    -6.323237
    -7.939436
   -10.002146
   -12.567344
   -15.600924
   -18.873425
