MG[4],MG[3],MG[2],MG[1],MG[0],MG[1]
1.18995,1.18426,1.17345,1.1597,1.14578,1.13513
1.18426,1.17345,1.1597,1.14578,1.13513,1.13147
1.17345,1.1597,1.14578,1.13513,1.13147,1.13764
1.1597,1.14578,1.13513,1.13147,1.13764,1.15423
1.14578,1.13513,1.13147,1.13764,1.15423,1.17866
1.13513,1.13147,1.13764,1.15423,1.17866,1.2052
1.13147,1.13764,1.15423,1.17866,1.2052,1.22639
1.13764,1.15423,1.17866,1.2052,1.22639,1.23592
1.15423,1.17866,1.2052,1.22639,1.23592,1.23157
1.17866,1.2052,1.22639,1.23592,1.23157,1.21569
1.2052,1.22639,1.23592,1.23157,1.21569,1.19324
1.22639,1.23592,1.23157,1.21569,1.19324,1.16952
1.23592,1.23157,1.21569,1.19324,1.16952,1.14868
1.23157,1.21569,1.19324,1.16952,1.14868,1.133
1.21569,1.19324,1.16952,1.14868,1.133,1.12265
1.19324,1.16952,1.14868,1.133,1.12265,1.11573
1.16952,1.14868,1.133,1.12265,1.11573,1.10872
1.14868,1.133,1.12265,1.11573,1.10872,1.09703
1.133,1.12265,1.11573,1.10872,1.09703,1.07623
1.12265,1.11573,1.10872,1.09703,1.07623,1.04391
1.11573,1.10872,1.09703,1.07623,1.04391,1.00114
1.10872,1.09703,1.07623,1.04391,1.00114,0.951483
1.09703,1.07623,1.04391,1.00114,0.951483,0.899045
1.07623,1.04391,1.00114,0.951483,0.899045,0.847186
1.04391,1.00114,0.951483,0.899045,0.847186,0.798304
1.00114,0.951483,0.899045,0.847186,0.798304,0.754035
0.951483,0.899045,0.847186,0.798304,0.754035,0.71549
0.899045,0.847186,0.798304,0.754035,0.71549,0.683383
0.847186,0.798304,0.754035,0.71549,0.683383,0.657997
0.798304,0.754035,0.71549,0.683383,0.657997,0.638967
0.754035,0.71549,0.683383,0.657997,0.638967,0.624944
0.71549,0.683383,0.657997,0.638967,0.624944,0.61343
0.683383,0.657997,0.638967,0.624944,0.61343,0.601216
0.657997,0.638967,0.624944,0.61343,0.601216,0.585515
0.638967,0.624944,0.61343,0.601216,0.585515,0.565141
0.624944,0.61343,0.601216,0.585515,0.565141,0.540914
0.61343,0.601216,0.585515,0.565141,0.540914,0.515028
0.601216,0.585515,0.565141,0.540914,0.515028,0.490059
0.585515,0.565141,0.540914,0.515028,0.490059,0.468337
0.565141,0.540914,0.515028,0.490059,0.468337,0.451705
0.540914,0.515028,0.490059,0.468337,0.451705,0.441366
0.515028,0.490059,0.468337,0.451705,0.441366,0.437646
0.490059,0.468337,0.451705,0.441366,0.437646,0.439834
0.468337,0.451705,0.441366,0.437646,0.439834,0.446365
0.451705,0.441366,0.437646,0.439834,0.446365,0.455442
0.441366,0.437646,0.439834,0.446365,0.455442,0.465831
0.437646,0.439834,0.446365,0.455442,0.465831,0.477498
0.439834,0.446365,0.455442,0.465831,0.477498,0.491999
0.446365,0.455442,0.465831,0.477498,0.491999,0.512578
0.455442,0.465831,0.477498,0.491999,0.512578,0.543618
0.465831,0.477498,0.491999,0.512578,0.543618,0.588801
0.477498,0.491999,0.512578,0.543618,0.588801,0.648254
0.491999,0.512578,0.543618,0.588801,0.648254,0.717116
0.512578,0.543618,0.588801,0.648254,0.717116,0.787734
0.543618,0.588801,0.648254,0.717116,0.787734,0.853435
0.588801,0.648254,0.717116,0.787734,0.853435,0.91044
0.648254,0.717116,0.787734,0.853435,0.91044,0.957634
0.717116,0.787734,0.853435,0.91044,0.957634,0.995577
0.787734,0.853435,0.91044,0.957634,0.995577,1.02565
0.853435,0.91044,0.957634,0.995577,1.02565,1.04944
0.91044,0.957634,0.995577,1.02565,1.04944,1.06836
0.957634,0.995577,1.02565,1.04944,1.06836,1.08329
0.995577,1.02565,1.04944,1.06836,1.08329,1.09447
1.02565,1.04944,1.06836,1.08329,1.09447,1.10157
1.04944,1.06836,1.08329,1.09447,1.10157,1.10407
1.06836,1.08329,1.09447,1.10157,1.10407,1.10161
1.08329,1.09447,1.10157,1.10407,1.10161,1.09432
1.09447,1.10157,1.10407,1.10161,1.09432,1.08282
1.10157,1.10407,1.10161,1.09432,1.08282,1.06816
1.10407,1.10161,1.09432,1.08282,1.06816,1.05165
1.10161,1.09432,1.08282,1.06816,1.05165,1.03474
1.09432,1.08282,1.06816,1.05165,1.03474,1.01877
1.08282,1.06816,1.05165,1.03474,1.01877,1.00484
1.06816,1.05165,1.03474,1.01877,1.00484,0.993598
1.05165,1.03474,1.01877,1.00484,0.993598,0.985291
1.03474,1.01877,1.00484,0.993598,0.985291,0.979884
1.01877,1.00484,0.993598,0.985291,0.979884,0.977336
1.00484,0.993598,0.985291,0.979884,0.977336,0.97792
0.993598,0.985291,0.979884,0.977336,0.97792,0.982516
0.985291,0.979884,0.977336,0.97792,0.982516,0.992743
0.979884,0.977336,0.97792,0.982516,0.992743,1.01064
0.977336,0.97792,0.982516,0.992743,1.01064,1.03755
0.97792,0.982516,0.992743,1.01064,1.03755,1.07224
0.982516,0.992743,1.01064,1.03755,1.07224,1.10929
0.992743,1.01064,1.03755,1.07224,1.10929,1.14001
1.01064,1.03755,1.07224,1.10929,1.14001,1.15689
1.03755,1.07224,1.10929,1.14001,1.15689,1.15737
1.07224,1.10929,1.14001,1.15689,1.15737,1.1434
1.10929,1.14001,1.15689,1.15737,1.1434,1.11871
1.14001,1.15689,1.15737,1.1434,1.11871,1.08694
1.15689,1.15737,1.1434,1.11871,1.08694,1.05099
1.15737,1.1434,1.11871,1.08694,1.05099,1.01306
1.1434,1.11871,1.08694,1.05099,1.01306,0.974903
1.11871,1.08694,1.05099,1.01306,0.974903,0.938088
1.08694,1.05099,1.01306,0.974903,0.938088,0.904099
1.05099,1.01306,0.974903,0.938088,0.904099,0.87435
1.01306,0.974903,0.938088,0.904099,0.87435,0.850117
0.974903,0.938088,0.904099,0.87435,0.850117,0.832444
0.938088,0.904099,0.87435,0.850117,0.832444,0.822022
0.904099,0.87435,0.850117,0.832444,0.822022,0.819048
0.87435,0.850117,0.832444,0.822022,0.819048,0.823119
0.850117,0.832444,0.822022,0.819048,0.823119,0.833239
0.832444,0.822022,0.819048,0.823119,0.833239,0.847975
0.822022,0.819048,0.823119,0.833239,0.847975,0.865727
0.819048,0.823119,0.833239,0.847975,0.865727,0.88497
0.823119,0.833239,0.847975,0.865727,0.88497,0.904384
0.833239,0.847975,0.865727,0.88497,0.904384,0.922833
0.847975,0.865727,0.88497,0.904384,0.922833,0.939213
0.865727,0.88497,0.904384,0.922833,0.939213,0.952186
0.88497,0.904384,0.922833,0.939213,0.952186,0.959856
0.904384,0.922833,0.939213,0.952186,0.959856,0.95959
0.922833,0.939213,0.952186,0.959856,0.95959,0.948475
0.939213,0.952186,0.959856,0.95959,0.948475,0.924903
0.952186,0.959856,0.95959,0.948475,0.924903,0.890471
0.959856,0.95959,0.948475,0.924903,0.890471,0.849856
0.95959,0.948475,0.924903,0.890471,0.849856,0.808572
0.948475,0.924903,0.890471,0.849856,0.808572,0.771287
0.924903,0.890471,0.849856,0.808572,0.771287,0.741609
0.890471,0.849856,0.808572,0.771287,0.741609,0.72242
0.849856,0.808572,0.771287,0.741609,0.72242,0.716019
0.808572,0.771287,0.741609,0.72242,0.716019,0.723907
0.771287,0.741609,0.72242,0.716019,0.723907,0.74626
0.741609,0.72242,0.716019,0.723907,0.74626,0.781447
0.72242,0.716019,0.723907,0.74626,0.781447,0.826109
0.716019,0.723907,0.74626,0.781447,0.826109,0.875977
0.723907,0.74626,0.781447,0.826109,0.875977,0.927041
0.74626,0.781447,0.826109,0.875977,0.927041,0.976361
0.781447,0.826109,0.875977,0.927041,0.976361,1.02228
0.826109,0.875977,0.927041,0.976361,1.02228,1.06415
0.875977,0.927041,0.976361,1.02228,1.06415,1.10195
0.927041,0.976361,1.02228,1.06415,1.10195,1.13581
0.976361,1.02228,1.06415,1.10195,1.13581,1.16573
1.02228,1.06415,1.10195,1.13581,1.16573,1.19141
1.06415,1.10195,1.13581,1.16573,1.19141,1.2123
1.10195,1.13581,1.16573,1.19141,1.2123,1.22778
1.13581,1.16573,1.19141,1.2123,1.22778,1.23741
1.16573,1.19141,1.2123,1.22778,1.23741,1.24114
1.19141,1.2123,1.22778,1.23741,1.24114,1.23947
1.2123,1.22778,1.23741,1.24114,1.23947,1.23361
1.22778,1.23741,1.24114,1.23947,1.23361,1.22563
1.23741,1.24114,1.23947,1.23361,1.22563,1.21854
1.24114,1.23947,1.23361,1.22563,1.21854,1.21605
1.23947,1.23361,1.22563,1.21854,1.21605,1.22131
1.23361,1.22563,1.21854,1.21605,1.22131,1.23477
1.22563,1.21854,1.21605,1.22131,1.23477,1.25334
1.21854,1.21605,1.22131,1.23477,1.25334,1.27247
1.21605,1.22131,1.23477,1.25334,1.27247,1.28878
1.22131,1.23477,1.25334,1.27247,1.28878,1.30112
1.23477,1.25334,1.27247,1.28878,1.30112,1.31011
1.25334,1.27247,1.28878,1.30112,1.31011,1.3174
1.27247,1.28878,1.30112,1.31011,1.3174,1.32494
1.28878,1.30112,1.31011,1.3174,1.32494,1.33411
1.30112,1.31011,1.3174,1.32494,1.33411,1.34475
1.31011,1.3174,1.32494,1.33411,1.34475,1.3542
1.3174,1.32494,1.33411,1.34475,1.3542,1.35716
1.32494,1.33411,1.34475,1.3542,1.35716,1.34767
1.33411,1.34475,1.3542,1.35716,1.34767,1.32216
1.34475,1.3542,1.35716,1.34767,1.32216,1.28096
1.3542,1.35716,1.34767,1.32216,1.28096,1.22722
1.35716,1.34767,1.32216,1.28096,1.22722,1.16504
1.34767,1.32216,1.28096,1.22722,1.16504,1.09821
1.32216,1.28096,1.22722,1.16504,1.09821,1.02977
1.28096,1.22722,1.16504,1.09821,1.02977,0.962028
1.22722,1.16504,1.09821,1.02977,0.962028,0.896687
1.16504,1.09821,1.02977,0.962028,0.896687,0.834973
1.09821,1.02977,0.962028,0.896687,0.834973,0.777757
1.02977,0.962028,0.896687,0.834973,0.777757,0.725641
0.962028,0.896687,0.834973,0.777757,0.725641,0.679014
0.896687,0.834973,0.777757,0.725641,0.679014,0.638042
0.834973,0.777757,0.725641,0.679014,0.638042,0.602581
0.777757,0.725641,0.679014,0.638042,0.602581,0.571979
0.725641,0.679014,0.638042,0.602581,0.571979,0.544913
0.679014,0.638042,0.602581,0.571979,0.544913,0.519558
0.638042,0.602581,0.571979,0.544913,0.519558,0.494333
0.602581,0.571979,0.544913,0.519558,0.494333,0.468625
0.571979,0.544913,0.519558,0.494333,0.468625,0.442744
0.544913,0.519558,0.494333,0.468625,0.442744,0.417364
0.519558,0.494333,0.468625,0.442744,0.417364,0.393087
0.494333,0.468625,0.442744,0.417364,0.393087,0.370261
0.468625,0.442744,0.417364,0.393087,0.370261,0.348969
0.442744,0.417364,0.393087,0.370261,0.348969,0.329068
0.417364,0.393087,0.370261,0.348969,0.329068,0.310307
0.393087,0.370261,0.348969,0.329068,0.310307,0.2925
0.370261,0.348969,0.329068,0.310307,0.2925,0.275708
0.348969,0.329068,0.310307,0.2925,0.275708,0.260365
0.329068,0.310307,0.2925,0.275708,0.260365,0.24731
0.310307,0.2925,0.275708,0.260365,0.24731,0.237842
0.2925,0.275708,0.260365,0.24731,0.237842,0.233926
0.275708,0.260365,0.24731,0.237842,0.233926,0.238588
0.260365,0.24731,0.237842,0.233926,0.238588,0.256286
0.24731,0.237842,0.233926,0.238588,0.256286,0.292496
0.237842,0.233926,0.238588,0.256286,0.292496,0.351226
0.233926,0.238588,0.256286,0.292496,0.351226,0.430698
0.238588,0.256286,0.292496,0.351226,0.430698,0.521857
0.256286,0.292496,0.351226,0.430698,0.521857,0.61305
0.292496,0.351226,0.430698,0.521857,0.61305,0.695642
0.351226,0.430698,0.521857,0.61305,0.695642,0.76556
0.430698,0.521857,0.61305,0.695642,0.76556,0.822035
0.521857,0.61305,0.695642,0.76556,0.822035,0.866029
0.61305,0.695642,0.76556,0.822035,0.866029,0.899186
0.695642,0.76556,0.822035,0.866029,0.899186,0.923237
0.76556,0.822035,0.866029,0.899186,0.923237,0.939644
0.822035,0.866029,0.899186,0.923237,0.939644,0.949443
0.866029,0.899186,0.923237,0.939644,0.949443,0.953279
0.899186,0.923237,0.939644,0.949443,0.953279,0.951628
0.923237,0.939644,0.949443,0.953279,0.951628,0.944989
0.939644,0.949443,0.953279,0.951628,0.944989,0.933949
0.949443,0.953279,0.951628,0.944989,0.933949,0.919165
0.953279,0.951628,0.944989,0.933949,0.919165,0.901297
0.951628,0.944989,0.933949,0.919165,0.901297,0.880959
0.944989,0.933949,0.919165,0.901297,0.880959,0.858676
0.933949,0.919165,0.901297,0.880959,0.858676,0.834869
0.919165,0.901297,0.880959,0.858676,0.834869,0.809882
0.901297,0.880959,0.858676,0.834869,0.809882,0.784035
0.880959,0.858676,0.834869,0.809882,0.784035,0.757705
0.858676,0.834869,0.809882,0.784035,0.757705,0.731396
0.834869,0.809882,0.784035,0.757705,0.731396,0.705825
0.809882,0.784035,0.757705,0.731396,0.705825,0.682028
0.784035,0.757705,0.731396,0.705825,0.682028,0.661542
0.757705,0.731396,0.705825,0.682028,0.661542,0.646645
0.731396,0.705825,0.682028,0.661542,0.646645,0.64048
0.705825,0.682028,0.661542,0.646645,0.64048,0.646675
0.682028,0.661542,0.646645,0.64048,0.646675,0.668128
0.661542,0.646645,0.64048,0.646675,0.668128,0.705531
0.646645,0.64048,0.646675,0.668128,0.705531,0.756675
0.64048,0.646675,0.668128,0.705531,0.756675,0.816539
0.646675,0.668128,0.705531,0.756675,0.816539,0.878095
0.668128,0.705531,0.756675,0.816539,0.878095,0.934388
0.705531,0.756675,0.816539,0.878095,0.934388,0.980935
0.756675,0.816539,0.878095,0.934388,0.980935,1.0165
0.816539,0.878095,0.934388,0.980935,1.0165,1.0422
0.878095,0.934388,0.980935,1.0165,1.0422,1.06028
0.934388,0.980935,1.0165,1.0422,1.06028,1.07329
0.980935,1.0165,1.0422,1.06028,1.07329,1.08367
1.0165,1.0422,1.06028,1.07329,1.08367,1.09358
1.0422,1.06028,1.07329,1.08367,1.09358,1.10477
1.06028,1.07329,1.08367,1.09358,1.10477,1.11841
1.07329,1.08367,1.09358,1.10477,1.11841,1.13508
1.08367,1.09358,1.10477,1.11841,1.13508,1.15473
1.09358,1.10477,1.11841,1.13508,1.15473,1.17674
1.10477,1.11841,1.13508,1.15473,1.17674,1.20007
1.11841,1.13508,1.15473,1.17674,1.20007,1.22345
1.13508,1.15473,1.17674,1.20007,1.22345,1.24555
1.15473,1.17674,1.20007,1.22345,1.24555,1.26515
1.17674,1.20007,1.22345,1.24555,1.26515,1.28128
1.20007,1.22345,1.24555,1.26515,1.28128,1.29329
1.22345,1.24555,1.26515,1.28128,1.29329,1.30092
1.24555,1.26515,1.28128,1.29329,1.30092,1.30433
1.26515,1.28128,1.29329,1.30092,1.30433,1.30411
1.28128,1.29329,1.30092,1.30433,1.30411,1.3014
1.29329,1.30092,1.30433,1.30411,1.3014,1.29788
1.30092,1.30433,1.30411,1.3014,1.29788,1.2958
1.30433,1.30411,1.3014,1.29788,1.2958,1.29752
1.30411,1.3014,1.29788,1.2958,1.29752,1.30469
1.3014,1.29788,1.2958,1.29752,1.30469,1.31678
1.29788,1.2958,1.29752,1.30469,1.31678,1.3294
1.2958,1.29752,1.30469,1.31678,1.3294,1.33447
1.29752,1.30469,1.31678,1.3294,1.33447,1.325
1.30469,1.31678,1.3294,1.33447,1.325,1.30001
1.31678,1.3294,1.33447,1.325,1.30001,1.26336
1.3294,1.33447,1.325,1.30001,1.26336,1.22001
1.33447,1.325,1.30001,1.26336,1.22001,1.17386
1.325,1.30001,1.26336,1.22001,1.17386,1.12735
1.30001,1.26336,1.22001,1.17386,1.12735,1.08165
1.26336,1.22001,1.17386,1.12735,1.08165,1.03695
1.22001,1.17386,1.12735,1.08165,1.03695,0.992835
1.17386,1.12735,1.08165,1.03695,0.992835,0.948619
1.12735,1.08165,1.03695,0.992835,0.948619,0.903647
1.08165,1.03695,0.992835,0.948619,0.903647,0.857567
1.03695,0.992835,0.948619,0.903647,0.857567,0.810448
0.992835,0.948619,0.903647,0.857567,0.810448,0.76276
0.948619,0.903647,0.857567,0.810448,0.76276,0.715224
0.903647,0.857567,0.810448,0.76276,0.715224,0.668645
0.857567,0.810448,0.76276,0.715224,0.668645,0.623773
0.810448,0.76276,0.715224,0.668645,0.623773,0.581223
0.76276,0.715224,0.668645,0.623773,0.581223,0.541458
0.715224,0.668645,0.623773,0.581223,0.541458,0.504793
0.668645,0.623773,0.581223,0.541458,0.504793,0.471418
0.623773,0.581223,0.541458,0.504793,0.471418,0.441403
0.581223,0.541458,0.504793,0.471418,0.441403,0.414691
0.541458,0.504793,0.471418,0.441403,0.414691,0.391046
0.504793,0.471418,0.441403,0.414691,0.391046,0.370005
0.471418,0.441403,0.414691,0.391046,0.370005,0.350871
0.441403,0.414691,0.391046,0.370005,0.350871,0.332849
0.414691,0.391046,0.370005,0.350871,0.332849,0.31536
0.391046,0.370005,0.350871,0.332849,0.31536,0.2984
0.370005,0.350871,0.332849,0.31536,0.2984,0.282675
0.350871,0.332849,0.31536,0.2984,0.282675,0.269397
0.332849,0.31536,0.2984,0.282675,0.269397,0.260041
0.31536,0.2984,0.282675,0.269397,0.260041,0.256284
0.2984,0.282675,0.269397,0.260041,0.256284,0.260035
0.282675,0.269397,0.260041,0.256284,0.260035,0.273372
0.269397,0.260041,0.256284,0.260035,0.273372,0.298276
0.260041,0.256284,0.260035,0.273372,0.298276,0.336219
0.256284,0.260035,0.273372,0.298276,0.336219,0.387684
0.260035,0.273372,0.298276,0.336219,0.387684,0.451767
0.273372,0.298276,0.336219,0.387684,0.451767,0.525907
0.298276,0.336219,0.387684,0.451767,0.525907,0.605906
0.336219,0.387684,0.451767,0.525907,0.605906,0.686465
0.387684,0.451767,0.525907,0.605906,0.686465,0.762251
0.451767,0.525907,0.605906,0.686465,0.762251,0.829044
0.525907,0.605906,0.686465,0.762251,0.829044,0.884344
0.605906,0.686465,0.762251,0.829044,0.884344,0.927291
0.686465,0.762251,0.829044,0.884344,0.927291,0.958214
0.762251,0.829044,0.884344,0.927291,0.958214,0.978128
0.829044,0.884344,0.927291,0.958214,0.978128,0.988373
0.884344,0.927291,0.958214,0.978128,0.988373,0.990386
0.927291,0.958214,0.978128,0.988373,0.990386,0.98558
0.958214,0.978128,0.988373,0.990386,0.98558,0.975278
0.978128,0.988373,0.990386,0.98558,0.975278,0.960675
0.988373,0.990386,0.98558,0.975278,0.960675,0.94281
0.990386,0.98558,0.975278,0.960675,0.94281,0.922527
0.98558,0.975278,0.960675,0.94281,0.922527,0.900447
0.975278,0.960675,0.94281,0.922527,0.900447,0.876971
0.960675,0.94281,0.922527,0.900447,0.876971,0.852345
0.94281,0.922527,0.900447,0.876971,0.852345,0.82679
0.922527,0.900447,0.876971,0.852345,0.82679,0.800646
0.900447,0.876971,0.852345,0.82679,0.800646,0.774461
0.876971,0.852345,0.82679,0.800646,0.774461,0.749023
0.852345,0.82679,0.800646,0.774461,0.749023,0.725377
0.82679,0.800646,0.774461,0.749023,0.725377,0.704847
0.800646,0.774461,0.749023,0.725377,0.704847,0.689036
0.774461,0.749023,0.725377,0.704847,0.689036,0.679787
0.749023,0.725377,0.704847,0.689036,0.679787,0.679051
0.725377,0.704847,0.689036,0.679787,0.679051,0.688677
0.704847,0.689036,0.679787,0.679051,0.688677,0.710131
0.689036,0.679787,0.679051,0.688677,0.710131,0.744129
0.679787,0.679051,0.688677,0.710131,0.744129,0.790095
0.679051,0.688677,0.710131,0.744129,0.790095,0.84526
0.688677,0.710131,0.744129,0.790095,0.84526,0.903717
0.710131,0.744129,0.790095,0.84526,0.903717,0.957104
0.744129,0.790095,0.84526,0.903717,0.957104,0.99823
0.790095,0.84526,0.903717,0.957104,0.99823,1.02456
0.84526,0.903717,0.957104,0.99823,1.02456,1.03807
0.903717,0.957104,0.99823,1.02456,1.03807,1.04285
0.957104,0.99823,1.02456,1.03807,1.04285,1.04318
0.99823,1.02456,1.03807,1.04285,1.04318,1.04268
1.02456,1.03807,1.04285,1.04318,1.04268,1.04411
1.03807,1.04285,1.04318,1.04268,1.04411,1.04937
1.04285,1.04318,1.04268,1.04411,1.04937,1.05952
1.04318,1.04268,1.04411,1.04937,1.05952,1.07483
1.04268,1.04411,1.04937,1.05952,1.07483,1.09491
1.04411,1.04937,1.05952,1.07483,1.09491,1.11877
1.04937,1.05952,1.07483,1.09491,1.11877,1.1451
1.05952,1.07483,1.09491,1.11877,1.1451,1.17237
1.07483,1.09491,1.11877,1.1451,1.17237,1.19902
1.09491,1.11877,1.1451,1.17237,1.19902,1.2236
1.11877,1.1451,1.17237,1.19902,1.2236,1.24498
1.1451,1.17237,1.19902,1.2236,1.24498,1.2624
1.17237,1.19902,1.2236,1.24498,1.2624,1.27561
1.19902,1.2236,1.24498,1.2624,1.27561,1.28488
1.2236,1.24498,1.2624,1.27561,1.28488,1.29095
1.24498,1.2624,1.27561,1.28488,1.29095,1.29501
1.2624,1.27561,1.28488,1.29095,1.29501,1.29854
1.27561,1.28488,1.29095,1.29501,1.29854,1.3032
1.28488,1.29095,1.29501,1.29854,1.3032,1.31042
1.29095,1.29501,1.29854,1.3032,1.31042,1.32084
1.29501,1.29854,1.3032,1.31042,1.32084,1.33309
1.29854,1.3032,1.31042,1.32084,1.33309,1.3423
1.3032,1.31042,1.32084,1.33309,1.3423,1.34064
1.31042,1.32084,1.33309,1.3423,1.34064,1.32294
1.32084,1.33309,1.3423,1.34064,1.32294,1.29135
1.33309,1.3423,1.34064,1.32294,1.29135,1.2523
1.3423,1.34064,1.32294,1.29135,1.2523,1.21171
1.34064,1.32294,1.29135,1.2523,1.21171,1.17326
1.32294,1.29135,1.2523,1.21171,1.17326,1.13853
1.29135,1.2523,1.21171,1.17326,1.13853,1.10747
1.2523,1.21171,1.17326,1.13853,1.10747,1.07894
1.21171,1.17326,1.13853,1.10747,1.07894,1.05117
1.17326,1.13853,1.10747,1.07894,1.05117,1.02221
1.13853,1.10747,1.07894,1.05117,1.02221,0.990286
1.10747,1.07894,1.05117,1.02221,0.990286,0.954254
1.07894,1.05117,1.02221,0.990286,0.954254,0.913777
1.05117,1.02221,0.990286,0.954254,0.913777,0.869363
1.02221,0.990286,0.954254,0.913777,0.869363,0.822133
0.990286,0.954254,0.913777,0.869363,0.822133,0.7735
0.954254,0.913777,0.869363,0.822133,0.7735,0.724862
0.913777,0.869363,0.822133,0.7735,0.724862,0.677411
0.869363,0.822133,0.7735,0.724862,0.677411,0.632055
0.822133,0.7735,0.724862,0.677411,0.632055,0.589412
0.7735,0.724862,0.677411,0.632055,0.589412,0.549846
0.724862,0.677411,0.632055,0.589412,0.549846,0.513495
0.677411,0.632055,0.589412,0.549846,0.513495,0.480302
0.632055,0.589412,0.549846,0.513495,0.480302,0.450021
0.589412,0.549846,0.513495,0.480302,0.450021,0.422247
0.549846,0.513495,0.480302,0.450021,0.422247,0.396474
0.513495,0.480302,0.450021,0.422247,0.396474,0.372219
0.480302,0.450021,0.422247,0.396474,0.372219,0.349235
0.450021,0.422247,0.396474,0.372219,0.349235,0.327742
0.422247,0.396474,0.372219,0.349235,0.327742,0.30854
0.396474,0.372219,0.349235,0.327742,0.30854,0.292874
0.372219,0.349235,0.327742,0.30854,0.292874,0.282173
0.349235,0.327742,0.30854,0.292874,0.282173,0.27784
0.327742,0.30854,0.292874,0.282173,0.27784,0.281033
0.30854,0.292874,0.282173,0.27784,0.281033,0.292417
0.292874,0.282173,0.27784,0.281033,0.292417,0.312043
0.282173,0.27784,0.281033,0.292417,0.312043,0.339508
0.27784,0.281033,0.292417,0.312043,0.339508,0.374327
0.281033,0.292417,0.312043,0.339508,0.374327,0.416312
0.292417,0.312043,0.339508,0.374327,0.416312,0.465721
0.312043,0.339508,0.374327,0.416312,0.465721,0.523007
0.339508,0.374327,0.416312,0.465721,0.523007,0.588074
0.374327,0.416312,0.465721,0.523007,0.588074,0.659259
0.416312,0.465721,0.523007,0.588074,0.659259,0.73281
0.465721,0.523007,0.588074,0.659259,0.73281,0.803628
0.523007,0.588074,0.659259,0.73281,0.803628,0.86695
0.588074,0.659259,0.73281,0.803628,0.86695,0.919645
0.659259,0.73281,0.803628,0.86695,0.919645,0.960461
0.73281,0.803628,0.86695,0.919645,0.960461,0.989553
0.803628,0.86695,0.919645,0.960461,0.989553,1.00789
0.86695,0.919645,0.960461,0.989553,1.00789,1.01679
0.919645,0.960461,0.989553,1.00789,1.01679,1.01768
0.960461,0.989553,1.00789,1.01679,1.01768,1.01191
0.989553,1.00789,1.01679,1.01768,1.01191,1.00069
1.00789,1.01679,1.01768,1.01191,1.00069,0.985057
1.01679,1.01768,1.01191,1.00069,0.985057,0.965838
1.01768,1.01191,1.00069,0.985057,0.965838,0.943694
1.01191,1.00069,0.985057,0.965838,0.943694,0.91917
1.00069,0.985057,0.965838,0.943694,0.91917,0.892801
0.985057,0.965838,0.943694,0.91917,0.892801,0.865228
0.965838,0.943694,0.91917,0.892801,0.865228,0.83728
0.943694,0.91917,0.892801,0.865228,0.83728,0.809986
0.91917,0.892801,0.865228,0.83728,0.809986,0.784555
0.892801,0.865228,0.83728,0.809986,0.784555,0.762306
0.865228,0.83728,0.809986,0.784555,0.762306,0.744559
0.83728,0.809986,0.784555,0.762306,0.744559,0.732511
0.809986,0.784555,0.762306,0.744559,0.732511,0.72716
0.784555,0.762306,0.744559,0.732511,0.72716,0.729306
0.762306,0.744559,0.732511,0.72716,0.729306,0.739624
0.744559,0.732511,0.72716,0.729306,0.739624,0.758761
0.732511,0.72716,0.729306,0.739624,0.758761,0.787327
0.72716,0.729306,0.739624,0.758761,0.787327,0.82563
0.729306,0.739624,0.758761,0.787327,0.82563,0.872905
0.739624,0.758761,0.787327,0.82563,0.872905,0.925911
0.758761,0.787327,0.82563,0.872905,0.925911,0.977813
0.787327,0.82563,0.872905,0.925911,0.977813,1.01988
0.82563,0.872905,0.925911,0.977813,1.01988,1.04627
0.872905,0.925911,0.977813,1.01988,1.04627,1.0568
0.925911,0.977813,1.01988,1.04627,1.0568,1.05527
0.977813,1.01988,1.04627,1.0568,1.05527,1.04657
1.01988,1.04627,1.0568,1.05527,1.04657,1.03515
1.04627,1.0568,1.05527,1.04657,1.03515,1.02451
1.0568,1.05527,1.04657,1.03515,1.02451,1.01727
1.05527,1.04657,1.03515,1.02451,1.01727,1.01526
1.04657,1.03515,1.02451,1.01727,1.01526,1.01964
1.03515,1.02451,1.01727,1.01526,1.01964,1.03088
1.02451,1.01727,1.01526,1.01964,1.03088,1.04877
1.01727,1.01526,1.01964,1.03088,1.04877,1.0724
1.01526,1.01964,1.03088,1.04877,1.0724,1.10025
1.01964,1.03088,1.04877,1.0724,1.10025,1.13033
1.03088,1.04877,1.0724,1.10025,1.13033,1.16051
1.04877,1.0724,1.10025,1.13033,1.16051,1.1889
1.0724,1.10025,1.13033,1.16051,1.1889,1.21418
1.10025,1.13033,1.16051,1.1889,1.21418,1.23575
1.13033,1.16051,1.1889,1.21418,1.23575,1.25368
1.16051,1.1889,1.21418,1.23575,1.25368,1.26857
1.1889,1.21418,1.23575,1.25368,1.26857,1.28137
1.21418,1.23575,1.25368,1.26857,1.28137,1.29314
1.23575,1.25368,1.26857,1.28137,1.29314,1.30484
1.25368,1.26857,1.28137,1.29314,1.30484,1.31708
1.26857,1.28137,1.29314,1.30484,1.31708,1.32964
1.28137,1.29314,1.30484,1.31708,1.32964,1.34061
1.29314,1.30484,1.31708,1.32964,1.34061,1.34546
1.30484,1.31708,1.32964,1.34061,1.34546,1.33748
1.31708,1.32964,1.34061,1.34546,1.33748,1.31244
1.32964,1.34061,1.34546,1.33748,1.31244,1.27317
1.34061,1.34546,1.33748,1.31244,1.27317,1.22722
1.34546,1.33748,1.31244,1.27317,1.22722,1.1817
1.33748,1.31244,1.27317,1.22722,1.1817,1.14134
1.31244,1.27317,1.22722,1.1817,1.14134,1.10845
1.27317,1.22722,1.1817,1.14134,1.10845,1.08341
1.22722,1.1817,1.14134,1.10845,1.08341,1.06518
1.1817,1.14134,1.10845,1.08341,1.06518,1.0517
1.14134,1.10845,1.08341,1.06518,1.0517,1.04038
1.10845,1.08341,1.06518,1.0517,1.04038,1.02842
1.08341,1.06518,1.0517,1.04038,1.02842,1.01311
1.06518,1.0517,1.04038,1.02842,1.01311,0.992168
1.0517,1.04038,1.02842,1.01311,0.992168,0.964165
1.04038,1.02842,1.01311,0.992168,0.964165,0.928878
1.02842,1.01311,0.992168,0.964165,0.928878,0.887316
1.01311,0.992168,0.964165,0.928878,0.887316,0.841323
0.992168,0.964165,0.928878,0.887316,0.841323,0.792989
0.964165,0.928878,0.887316,0.841323,0.792989,0.744184
0.928878,0.887316,0.841323,0.792989,0.744184,0.696329
0.887316,0.841323,0.792989,0.744184,0.696329,0.650371
0.841323,0.792989,0.744184,0.696329,0.650371,0.606848
0.792989,0.744184,0.696329,0.650371,0.606848,0.565978
0.744184,0.696329,0.650371,0.606848,0.565978,0.527755
0.696329,0.650371,0.606848,0.565978,0.527755,0.492027
0.650371,0.606848,0.565978,0.527755,0.492027,0.458589
0.606848,0.565978,0.527755,0.492027,0.458589,0.427285
0.565978,0.527755,0.492027,0.458589,0.427285,0.398131
0.527755,0.492027,0.458589,0.427285,0.398131,0.371483
0.492027,0.458589,0.427285,0.398131,0.371483,0.348182
0.458589,0.427285,0.398131,0.371483,0.348182,0.329604
0.427285,0.398131,0.371483,0.348182,0.329604,0.31753
0.398131,0.371483,0.348182,0.329604,0.31753,0.313833
0.371483,0.348182,0.329604,0.31753,0.313833,0.319905
0.348182,0.329604,0.31753,0.313833,0.319905,0.33596
0.329604,0.31753,0.313833,0.319905,0.33596,0.360705
0.31753,0.313833,0.319905,0.33596,0.360705,0.391758
0.313833,0.319905,0.33596,0.360705,0.391758,0.426546
0.319905,0.33596,0.360705,0.391758,0.426546,0.463102
0.33596,0.360705,0.391758,0.426546,0.463102,0.500501
0.360705,0.391758,0.426546,0.463102,0.500501,0.538976
0.391758,0.426546,0.463102,0.500501,0.538976,0.579801
0.426546,0.463102,0.500501,0.538976,0.579801,0.624936
0.463102,0.500501,0.538976,0.579801,0.624936,0.676259
0.500501,0.538976,0.579801,0.624936,0.676259,0.734312
0.538976,0.579801,0.624936,0.676259,0.734312,0.797125
0.579801,0.624936,0.676259,0.734312,0.797125,0.860291
0.624936,0.676259,0.734312,0.797125,0.860291,0.918661
0.676259,0.734312,0.797125,0.860291,0.918661,0.968262
0.734312,0.797125,0.860291,0.918661,0.968262,1.00707
0.797125,0.860291,0.918661,0.968262,1.00707,1.0347
0.860291,0.918661,0.968262,1.00707,1.0347,1.05178
0.918661,0.968262,1.00707,1.0347,1.05178,1.05942
0.968262,1.00707,1.0347,1.05178,1.05942,1.05885
1.00707,1.0347,1.05178,1.05942,1.05885,1.05129
1.0347,1.05178,1.05942,1.05885,1.05129,1.03784
1.05178,1.05942,1.05885,1.05129,1.03784,1.0195
1.05942,1.05885,1.05129,1.03784,1.0195,0.997164
1.05885,1.05129,1.03784,1.0195,0.997164,0.97174
1.05129,1.03784,1.0195,0.997164,0.97174,0.944201
1.03784,1.0195,0.997164,0.97174,0.944201,0.9157
1.0195,0.997164,0.97174,0.944201,0.9157,0.887636
0.997164,0.97174,0.944201,0.9157,0.887636,0.861638
0.97174,0.944201,0.9157,0.887636,0.861638,0.839454
0.944201,0.9157,0.887636,0.861638,0.839454,0.8227
0.9157,0.887636,0.861638,0.839454,0.8227,0.812568
0.887636,0.861638,0.839454,0.8227,0.812568,0.809656
0.861638,0.839454,0.8227,0.812568,0.809656,0.813983
0.839454,0.8227,0.812568,0.809656,0.813983,0.825163
0.8227,0.812568,0.809656,0.813983,0.825163,0.842648
0.812568,0.809656,0.813983,0.825163,0.842648,0.865956
0.809656,0.813983,0.825163,0.842648,0.865956,0.894825
0.813983,0.825163,0.842648,0.865956,0.894825,0.929204
0.825163,0.842648,0.865956,0.894825,0.929204,0.968883
0.842648,0.865956,0.894825,0.929204,0.968883,1.01245
0.865956,0.894825,0.929204,0.968883,1.01245,1.05567
0.894825,0.929204,0.968883,1.01245,1.05567,1.0909
0.929204,0.968883,1.01245,1.05567,1.0909,1.11046
0.968883,1.01245,1.05567,1.0909,1.11046,1.11172
1.01245,1.05567,1.0909,1.11046,1.11172,1.09771
1.05567,1.0909,1.11046,1.11172,1.09771,1.07394
1.0909,1.11046,1.11172,1.09771,1.07394,1.04572
1.11046,1.11172,1.09771,1.07394,1.04572,1.01734
1.11172,1.09771,1.07394,1.04572,1.01734,0.992013
1.09771,1.07394,1.04572,1.01734,0.992013,0.972185
1.07394,1.04572,1.01734,0.992013,0.972185,0.959696
1.04572,1.01734,0.992013,0.972185,0.959696,0.955864
1.01734,0.992013,0.972185,0.959696,0.955864,0.96141
0.992013,0.972185,0.959696,0.955864,0.96141,0.976277
0.972185,0.959696,0.955864,0.96141,0.976277,0.999455
0.959696,0.955864,0.96141,0.976277,0.999455,1.02898
0.955864,0.96141,0.976277,0.999455,1.02898,1.06226
0.96141,0.976277,0.999455,1.02898,1.06226,1.09665
0.976277,0.999455,1.02898,1.06226,1.09665,1.13002
0.999455,1.02898,1.06226,1.09665,1.13002,1.16109
1.02898,1.06226,1.09665,1.13002,1.16109,1.18938
1.06226,1.09665,1.13002,1.16109,1.18938,1.21488
1.09665,1.13002,1.16109,1.18938,1.21488,1.23776
1.13002,1.16109,1.18938,1.21488,1.23776,1.25795
1.16109,1.18938,1.21488,1.23776,1.25795,1.27491
1.18938,1.21488,1.23776,1.25795,1.27491,1.28742
1.21488,1.23776,1.25795,1.27491,1.28742,1.29332
1.23776,1.25795,1.27491,1.28742,1.29332,1.28957
1.25795,1.27491,1.28742,1.29332,1.28957,1.27269
1.27491,1.28742,1.29332,1.28957,1.27269,1.24041
1.28742,1.29332,1.28957,1.27269,1.24041,1.19402
1.29332,1.28957,1.27269,1.24041,1.19402,1.13903
1.28957,1.27269,1.24041,1.19402,1.13903,1.0828
1.27269,1.24041,1.19402,1.13903,1.0828,1.03177
1.24041,1.19402,1.13903,1.0828,1.03177,0.990602
1.19402,1.13903,1.0828,1.03177,0.990602,0.962179
1.13903,1.0828,1.03177,0.990602,0.962179,0.94754
1.0828,1.03177,0.990602,0.962179,0.94754,0.945798
1.03177,0.990602,0.962179,0.94754,0.945798,0.954395
0.990602,0.962179,0.94754,0.945798,0.954395,0.969796
0.962179,0.94754,0.945798,0.954395,0.969796,0.988252
0.94754,0.945798,0.954395,0.969796,0.988252,1.00623
0.945798,0.954395,0.969796,0.988252,1.00623,1.02042
0.954395,0.969796,0.988252,1.00623,1.02042,1.02767
0.969796,0.988252,1.00623,1.02042,1.02767,1.02512
0.988252,1.00623,1.02042,1.02767,1.02512,1.01091
1.00623,1.02042,1.02767,1.02512,1.01091,0.984905
1.02042,1.02767,1.02512,1.01091,0.984905,0.948799
1.02767,1.02512,1.01091,0.984905,0.948799,0.905341
1.02512,1.01091,0.984905,0.948799,0.905341,0.857391
1.01091,0.984905,0.948799,0.905341,0.857391,0.807342
0.984905,0.948799,0.905341,0.857391,0.807342,0.756965
0.948799,0.905341,0.857391,0.807342,0.756965,0.707491
0.905341,0.857391,0.807342,0.756965,0.707491,0.659776
0.857391,0.807342,0.756965,0.707491,0.659776,0.614453
0.807342,0.756965,0.707491,0.659776,0.614453,0.572069
0.756965,0.707491,0.659776,0.614453,0.572069,0.533215
0.707491,0.659776,0.614453,0.572069,0.533215,0.498693
0.659776,0.614453,0.572069,0.533215,0.498693,0.469775
0.614453,0.572069,0.533215,0.498693,0.469775,0.448578
0.572069,0.533215,0.498693,0.469775,0.448578,0.43838
0.533215,0.498693,0.469775,0.448578,0.43838,0.443261
0.498693,0.469775,0.448578,0.43838,0.443261,0.466284
0.469775,0.448578,0.43838,0.443261,0.466284,0.506829
0.448578,0.43838,0.443261,0.466284,0.506829,0.55988
0.43838,0.443261,0.466284,0.506829,0.55988,0.618431
0.443261,0.466284,0.506829,0.55988,0.618431,0.676271
0.466284,0.506829,0.55988,0.618431,0.676271,0.728916
0.506829,0.55988,0.618431,0.676271,0.728916,0.773342
0.55988,0.618431,0.676271,0.728916,0.773342,0.807744
0.618431,0.676271,0.728916,0.773342,0.807744,0.831627
0.676271,0.728916,0.773342,0.807744,0.831627,0.845964
0.728916,0.773342,0.807744,0.831627,0.845964,0.85313
0.773342,0.807744,0.831627,0.845964,0.85313,0.856644
0.807744,0.831627,0.845964,0.85313,0.856644,0.860839
0.831627,0.845964,0.85313,0.856644,0.860839,0.870367
0.845964,0.85313,0.856644,0.860839,0.870367,0.889296
0.85313,0.856644,0.860839,0.870367,0.889296,0.919621
0.856644,0.860839,0.870367,0.889296,0.919621,0.959833
0.860839,0.870367,0.889296,0.919621,0.959833,1.00502
0.870367,0.889296,0.919621,0.959833,1.00502,1.04899
0.889296,0.919621,0.959833,1.00502,1.04899,1.08668
0.919621,0.959833,1.00502,1.04899,1.08668,1.1152
0.959833,1.00502,1.04899,1.08668,1.1152,1.1336
1.00502,1.04899,1.08668,1.1152,1.1336,1.1422
1.04899,1.08668,1.1152,1.1336,1.1422,1.14196
1.08668,1.1152,1.1336,1.1422,1.14196,1.13421
1.1152,1.1336,1.1422,1.14196,1.13421,1.12043
1.1336,1.1422,1.14196,1.13421,1.12043,1.1023
1.1422,1.14196,1.13421,1.12043,1.1023,1.08175
1.14196,1.13421,1.12043,1.1023,1.08175,1.06123
1.13421,1.12043,1.1023,1.08175,1.06123,1.04373
1.12043,1.1023,1.08175,1.06123,1.04373,1.03257
1.1023,1.08175,1.06123,1.04373,1.03257,1.03057
1.08175,1.06123,1.04373,1.03257,1.03057,1.03915
1.06123,1.04373,1.03257,1.03057,1.03915,1.05792
1.04373,1.03257,1.03057,1.03915,1.05792,1.08473
1.03257,1.03057,1.03915,1.05792,1.08473,1.11611
1.03057,1.03915,1.05792,1.08473,1.11611,1.14818
1.03915,1.05792,1.08473,1.11611,1.14818,1.17783
1.05792,1.08473,1.11611,1.14818,1.17783,1.20365
1.08473,1.11611,1.14818,1.17783,1.20365,1.22574
1.11611,1.14818,1.17783,1.20365,1.22574,1.24485
1.14818,1.17783,1.20365,1.22574,1.24485,1.26163
1.17783,1.20365,1.22574,1.24485,1.26163,1.27619
1.20365,1.22574,1.24485,1.26163,1.27619,1.28789
1.22574,1.24485,1.26163,1.27619,1.28789,1.29493
1.24485,1.26163,1.27619,1.28789,1.29493,1.29383
1.26163,1.27619,1.28789,1.29493,1.29383,1.27983
1.27619,1.28789,1.29493,1.29383,1.27983,1.24983
1.28789,1.29493,1.29383,1.27983,1.24983,1.20513
1.29493,1.29383,1.27983,1.24983,1.20513,1.15055
1.29383,1.27983,1.24983,1.20513,1.15055,1.09161
1.27983,1.24983,1.20513,1.15055,1.09161,1.03278
1.24983,1.20513,1.15055,1.09161,1.03278,0.977298
1.20513,1.15055,1.09161,1.03278,0.977298,0.927434
1.15055,1.09161,1.03278,0.977298,0.927434,0.884841
1.09161,1.03278,0.977298,0.927434,0.884841,0.850774
1.03278,0.977298,0.927434,0.884841,0.850774,0.826123
0.977298,0.927434,0.884841,0.850774,0.826123,0.811242
0.927434,0.884841,0.850774,0.826123,0.811242,0.805603
0.884841,0.850774,0.826123,0.811242,0.805603,0.807413
0.850774,0.826123,0.811242,0.805603,0.807413,0.81352
0.826123,0.811242,0.805603,0.807413,0.81352,0.819826
0.811242,0.805603,0.807413,0.81352,0.819826,0.822047
0.805603,0.807413,0.81352,0.819826,0.822047,0.816616
0.807413,0.81352,0.819826,0.822047,0.816616,0.801598
0.81352,0.819826,0.822047,0.816616,0.801598,0.777247
0.819826,0.822047,0.816616,0.801598,0.777247,0.745616
0.822047,0.816616,0.801598,0.777247,0.745616,0.709431
0.816616,0.801598,0.777247,0.745616,0.709431,0.671095
0.801598,0.777247,0.745616,0.709431,0.671095,0.632309
0.777247,0.745616,0.709431,0.671095,0.632309,0.594134
0.745616,0.709431,0.671095,0.632309,0.594134,0.557216
0.709431,0.671095,0.632309,0.594134,0.557216,0.52198
0.671095,0.632309,0.594134,0.557216,0.52198,0.488787
0.632309,0.594134,0.557216,0.52198,0.488787,0.458072
0.594134,0.557216,0.52198,0.488787,0.458072,0.430559
0.557216,0.52198,0.488787,0.458072,0.430559,0.407516
0.52198,0.488787,0.458072,0.430559,0.407516,0.391031
0.488787,0.458072,0.430559,0.407516,0.391031,0.38423
0.458072,0.430559,0.407516,0.391031,0.38423,0.391238
0.430559,0.407516,0.391031,0.38423,0.391238,0.41628
0.407516,0.391031,0.38423,0.391238,0.41628,0.461418
0.391031,0.38423,0.391238,0.41628,0.461418,0.524178
0.38423,0.391238,0.41628,0.461418,0.524178,0.597874
0.391238,0.41628,0.461418,0.524178,0.597874,0.674825
0.41628,0.461418,0.524178,0.597874,0.674825,0.749295
0.461418,0.524178,0.597874,0.674825,0.749295,0.818281
0.524178,0.597874,0.674825,0.749295,0.818281,0.880873
0.597874,0.674825,0.749295,0.818281,0.880873,0.93727
0.674825,0.749295,0.818281,0.880873,0.93727,0.988015
0.749295,0.818281,0.880873,0.93727,0.988015,1.03359
0.818281,0.880873,0.93727,0.988015,1.03359,1.07442
0.880873,0.93727,0.988015,1.03359,1.07442,1.11108
0.93727,0.988015,1.03359,1.07442,1.11108,1.14426
0.988015,1.03359,1.07442,1.11108,1.14426,1.17433
1.03359,1.07442,1.11108,1.14426,1.17433,1.20077
1.07442,1.11108,1.14426,1.17433,1.20077,1.2223
1.11108,1.14426,1.17433,1.20077,1.2223,1.23751
1.14426,1.17433,1.20077,1.2223,1.23751,1.24554
1.17433,1.20077,1.2223,1.23751,1.24554,1.24617
1.20077,1.2223,1.23751,1.24554,1.24617,1.23973
1.2223,1.23751,1.24554,1.24617,1.23973,1.22688
1.23751,1.24554,1.24617,1.23973,1.22688,1.20843
1.24554,1.24617,1.23973,1.22688,1.20843,1.18527
1.24617,1.23973,1.22688,1.20843,1.18527,1.15832
1.23973,1.22688,1.20843,1.18527,1.15832,1.12858
1.22688,1.20843,1.18527,1.15832,1.12858,1.09722
1.20843,1.18527,1.15832,1.12858,1.09722,1.06569
1.18527,1.15832,1.12858,1.09722,1.06569,1.03597
1.15832,1.12858,1.09722,1.06569,1.03597,1.01061
1.12858,1.09722,1.06569,1.03597,1.01061,0.992792
1.09722,1.06569,1.03597,1.01061,0.992792,0.985756
1.06569,1.03597,1.01061,0.992792,0.985756,0.991852
1.03597,1.01061,0.992792,0.985756,0.991852,1.01155
1.01061,0.992792,0.985756,0.991852,1.01155,1.04277
0.992792,0.985756,0.991852,1.01155,1.04277,1.08043
0.985756,0.991852,1.01155,1.04277,1.08043,1.11663
0.991852,1.01155,1.04277,1.08043,1.11663,1.14247
1.01155,1.04277,1.08043,1.11663,1.14247,1.15129
1.04277,1.08043,1.11663,1.14247,1.15129,1.14091
1.08043,1.11663,1.14247,1.15129,1.14091,1.11326
1.11663,1.14247,1.15129,1.14091,1.11326,1.07239
1.14247,1.15129,1.14091,1.11326,1.07239,1.02261
1.15129,1.14091,1.11326,1.07239,1.02261,0.967554
1.14091,1.11326,1.07239,1.02261,0.967554,0.910024
1.11326,1.07239,1.02261,0.967554,0.910024,0.85223
1.07239,1.02261,0.967554,0.910024,0.85223,0.795961
1.02261,0.967554,0.910024,0.85223,0.795961,0.742628
0.967554,0.910024,0.85223,0.795961,0.742628,0.693311
0.910024,0.85223,0.795961,0.742628,0.693311,0.648824
0.85223,0.795961,0.742628,0.693311,0.648824,0.609835
0.795961,0.742628,0.693311,0.648824,0.609835,0.576968
0.742628,0.693311,0.648824,0.609835,0.576968,0.550902
0.693311,0.648824,0.609835,0.576968,0.550902,0.532437
0.648824,0.609835,0.576968,0.550902,0.532437,0.522512
0.609835,0.576968,0.550902,0.532437,0.522512,0.522123
0.576968,0.550902,0.532437,0.522512,0.522123,0.532097
0.550902,0.532437,0.522512,0.522123,0.532097,0.552653
0.532437,0.522512,0.522123,0.532097,0.552653,0.58287
0.522512,0.522123,0.532097,0.552653,0.58287,0.620316
0.522123,0.532097,0.552653,0.58287,0.620316,0.661153
0.532097,0.552653,0.58287,0.620316,0.661153,0.700672
0.552653,0.58287,0.620316,0.661153,0.700672,0.733846
0.58287,0.620316,0.661153,0.700672,0.733846,0.755815
0.620316,0.661153,0.700672,0.733846,0.755815,0.76299
0.661153,0.700672,0.733846,0.755815,0.76299,0.75491
0.700672,0.733846,0.755815,0.76299,0.75491,0.735061
0.733846,0.755815,0.76299,0.75491,0.735061,0.709276
0.755815,0.76299,0.75491,0.735061,0.709276,0.683576
0.76299,0.75491,0.735061,0.709276,0.683576,0.66339
0.75491,0.735061,0.709276,0.683576,0.66339,0.653794
0.735061,0.709276,0.683576,0.66339,0.653794,0.659634
0.709276,0.683576,0.66339,0.653794,0.659634,0.684546
0.683576,0.66339,0.653794,0.659634,0.684546,0.728661
0.66339,0.653794,0.659634,0.684546,0.728661,0.786779
0.653794,0.659634,0.684546,0.728661,0.786779,0.849891
0.659634,0.684546,0.728661,0.786779,0.849891,0.909349
0.684546,0.728661,0.786779,0.849891,0.909349,0.959731
0.728661,0.786779,0.849891,0.909349,0.959731,0.998951
0.786779,0.849891,0.909349,0.959731,0.998951,1.02713
0.849891,0.909349,0.959731,0.998951,1.02713,1.04552
0.909349,0.959731,0.998951,1.02713,1.04552,1.05589
0.959731,0.998951,1.02713,1.04552,1.05589,1.0602
0.998951,1.02713,1.04552,1.05589,1.0602,1.06047
1.02713,1.04552,1.05589,1.0602,1.06047,1.05877
1.04552,1.05589,1.0602,1.06047,1.05877,1.05716
1.05589,1.0602,1.06047,1.05877,1.05716,1.05767
1.0602,1.06047,1.05877,1.05716,1.05767,1.06214
1.06047,1.05877,1.05716,1.05767,1.06214,1.07198
1.05877,1.05716,1.05767,1.06214,1.07198,1.0878
1.05716,1.05767,1.06214,1.07198,1.0878,1.10918
1.05767,1.06214,1.07198,1.0878,1.10918,1.13451
1.06214,1.07198,1.0878,1.10918,1.13451,1.16147
1.07198,1.0878,1.10918,1.13451,1.16147,1.18781
1.0878,1.10918,1.13451,1.16147,1.18781,1.21207
1.10918,1.13451,1.16147,1.18781,1.21207,1.23328
1.13451,1.16147,1.18781,1.21207,1.23328,1.25049
1.16147,1.18781,1.21207,1.23328,1.25049,1.26287
1.18781,1.21207,1.23328,1.25049,1.26287,1.27032
1.21207,1.23328,1.25049,1.26287,1.27032,1.27381
1.23328,1.25049,1.26287,1.27032,1.27381,1.27535
1.25049,1.26287,1.27032,1.27381,1.27535,1.27771
1.26287,1.27032,1.27381,1.27535,1.27771,1.28383
1.27032,1.27381,1.27535,1.27771,1.28383,1.29528
1.27381,1.27535,1.27771,1.28383,1.29528,1.30999
1.27535,1.27771,1.28383,1.29528,1.30999,1.32104
1.27771,1.28383,1.29528,1.30999,1.32104,1.3201
1.28383,1.29528,1.30999,1.32104,1.3201,1.30351
1.29528,1.30999,1.32104,1.3201,1.30351,1.27358
1.30999,1.32104,1.3201,1.30351,1.27358,1.23527
1.32104,1.3201,1.30351,1.27358,1.23527,1.1934
1.3201,1.30351,1.27358,1.23527,1.1934,1.15163
1.30351,1.27358,1.23527,1.1934,1.15163,1.11235
1.27358,1.23527,1.1934,1.15163,1.11235,1.07689
1.23527,1.1934,1.15163,1.11235,1.07689,1.04564
1.1934,1.15163,1.11235,1.07689,1.04564,1.01815
1.15163,1.11235,1.07689,1.04564,1.01815,0.993202
1.11235,1.07689,1.04564,1.01815,0.993202,0.969015
1.07689,1.04564,1.01815,0.993202,0.969015,0.943489
1.04564,1.01815,0.993202,0.969015,0.943489,0.914669
1.01815,0.993202,0.969015,0.943489,0.914669,0.881298
0.993202,0.969015,0.943489,0.914669,0.881298,0.84323
0.969015,0.943489,0.914669,0.881298,0.84323,0.801393
0.943489,0.914669,0.881298,0.84323,0.801393,0.757298
0.914669,0.881298,0.84323,0.801393,0.757298,0.712475
0.881298,0.84323,0.801393,0.757298,0.712475,0.668214
0.84323,0.801393,0.757298,0.712475,0.668214,0.625557
0.801393,0.757298,0.712475,0.668214,0.625557,0.585318
0.757298,0.712475,0.668214,0.625557,0.585318,0.548059
0.712475,0.668214,0.625557,0.585318,0.548059,0.514055
0.668214,0.625557,0.585318,0.548059,0.514055,0.483246
0.625557,0.585318,0.548059,0.514055,0.483246,0.455208
0.585318,0.548059,0.514055,0.483246,0.455208,0.429193
0.548059,0.514055,0.483246,0.455208,0.429193,0.404398
0.514055,0.483246,0.455208,0.429193,0.404398,0.380454
0.483246,0.455208,0.429193,0.404398,0.380454,0.357781
0.455208,0.429193,0.404398,0.380454,0.357781,0.337468
0.429193,0.404398,0.380454,0.357781,0.337468,0.320915
0.404398,0.380454,0.357781,0.337468,0.320915,0.309656
0.380454,0.357781,0.337468,0.320915,0.309656,0.305335
0.357781,0.337468,0.320915,0.309656,0.305335,0.309597
0.337468,0.320915,0.309656,0.305335,0.309597,0.323771
0.320915,0.309656,0.305335,0.309597,0.323771,0.348437
0.309656,0.305335,0.309597,0.323771,0.348437,0.383124
0.305335,0.309597,0.323771,0.348437,0.383124,0.426421
0.309597,0.323771,0.348437,0.383124,0.426421,0.476462
0.323771,0.348437,0.383124,0.426421,0.476462,0.531522
0.348437,0.383124,0.426421,0.476462,0.531522,0.590397
0.383124,0.426421,0.476462,0.531522,0.590397,0.652399
0.426421,0.476462,0.531522,0.590397,0.652399,0.716912
0.476462,0.531522,0.590397,0.652399,0.716912,0.782641
0.531522,0.590397,0.652399,0.716912,0.782641,0.847086
0.590397,0.652399,0.716912,0.782641,0.847086,0.906869
0.652399,0.716912,0.782641,0.847086,0.906869,0.958794
0.716912,0.782641,0.847086,0.906869,0.958794,1.00076
0.782641,0.847086,0.906869,0.958794,1.00076,1.032
0.847086,0.906869,0.958794,1.00076,1.032,1.05277
0.906869,0.958794,1.00076,1.032,1.05277,1.06401
0.958794,1.00076,1.032,1.05277,1.06401,1.06695
1.00076,1.032,1.05277,1.06401,1.06695,1.06294
1.032,1.05277,1.06401,1.06695,1.06294,1.05322
1.05277,1.06401,1.06695,1.06294,1.05322,1.03891
1.06401,1.06695,1.06294,1.05322,1.03891,1.02084
1.06695,1.06294,1.05322,1.03891,1.02084,0.999625
1.06294,1.05322,1.03891,1.02084,0.999625,0.975748
1.05322,1.03891,1.02084,0.999625,0.975748,0.949727
1.03891,1.02084,0.999625,0.975748,0.949727,0.922247
1.02084,0.999625,0.975748,0.949727,0.922247,0.894204
0.999625,0.975748,0.949727,0.922247,0.894204,0.866714
0.975748,0.949727,0.922247,0.894204,0.866714,0.84111
0.949727,0.922247,0.894204,0.866714,0.84111,0.818917
0.922247,0.894204,0.866714,0.84111,0.818917,0.801779
0.894204,0.866714,0.84111,0.818917,0.801779,0.791287
0.866714,0.84111,0.818917,0.801779,0.791287,0.788778
0.84111,0.818917,0.801779,0.791287,0.788778,0.795167
0.818917,0.801779,0.791287,0.788778,0.795167,0.810885
0.801779,0.791287,0.788778,0.795167,0.810885,0.83591
0.791287,0.788778,0.795167,0.810885,0.83591,0.869794
0.788778,0.795167,0.810885,0.83591,0.869794,0.911497
0.795167,0.810885,0.83591,0.869794,0.911497,0.958766
0.810885,0.83591,0.869794,0.911497,0.958766,1.00699
0.83591,0.869794,0.911497,0.958766,1.00699,1.04863
0.869794,0.911497,0.958766,1.00699,1.04863,1.07556
0.911497,0.958766,1.00699,1.04863,1.07556,1.08376
0.958766,1.00699,1.04863,1.07556,1.08376,1.07508
1.00699,1.04863,1.07556,1.08376,1.07508,1.05465
1.04863,1.07556,1.08376,1.07508,1.05465,1.02798
1.07556,1.08376,1.07508,1.05465,1.02798,0.999591
1.08376,1.07508,1.05465,1.02798,0.999591,0.972916
1.07508,1.05465,1.02798,0.999591,0.972916,0.95045
1.05465,1.02798,0.999591,0.972916,0.95045,0.934015
1.02798,0.999591,0.972916,0.95045,0.934015,0.924914
0.999591,0.972916,0.95045,0.934015,0.924914,0.924016
0.972916,0.95045,0.934015,0.924914,0.924016,0.931765
0.95045,0.934015,0.924914,0.924016,0.931765,0.948081
0.934015,0.924914,0.924016,0.931765,0.948081,0.97221
0.924914,0.924016,0.931765,0.948081,0.97221,1.00263
0.924016,0.931765,0.948081,0.97221,1.00263,1.03715
0.931765,0.948081,0.97221,1.00263,1.03715,1.07332
0.948081,0.97221,1.00263,1.03715,1.07332,1.10888
0.97221,1.00263,1.03715,1.07332,1.10888,1.14221
1.00263,1.03715,1.07332,1.10888,1.14221,1.17249
1.03715,1.07332,1.10888,1.14221,1.17249,1.1996
1.07332,1.10888,1.14221,1.17249,1.1996,1.22394
1.10888,1.14221,1.17249,1.1996,1.22394,1.24599
1.14221,1.17249,1.1996,1.22394,1.24599,1.26581
1.17249,1.1996,1.22394,1.24599,1.26581,1.28254
1.1996,1.22394,1.24599,1.26581,1.28254,1.2937
1.22394,1.24599,1.26581,1.28254,1.2937,1.29493
1.24599,1.26581,1.28254,1.2937,1.29493,1.2812
1.26581,1.28254,1.2937,1.29493,1.2812,1.25027
1.28254,1.2937,1.29493,1.2812,1.25027,1.20567
1.2937,1.29493,1.2812,1.25027,1.20567,1.15513
1.29493,1.2812,1.25027,1.20567,1.15513,1.10661
1.2812,1.25027,1.20567,1.15513,1.10661,1.06616
1.25027,1.20567,1.15513,1.10661,1.06616,1.03759
1.20567,1.15513,1.10661,1.06616,1.03759,1.02254
1.15513,1.10661,1.06616,1.03759,1.02254,1.02045
1.10661,1.06616,1.03759,1.02254,1.02045,1.02897
1.06616,1.03759,1.02254,1.02045,1.02897,1.04476
1.03759,1.02254,1.02045,1.02897,1.04476,1.06438
1.02254,1.02045,1.02897,1.04476,1.06438,1.0848
1.02045,1.02897,1.04476,1.06438,1.0848,1.10345
1.02897,1.04476,1.06438,1.0848,1.10345,1.1179
1.04476,1.06438,1.0848,1.10345,1.1179,1.12561
1.06438,1.0848,1.10345,1.1179,1.12561,1.12388
1.0848,1.10345,1.1179,1.12561,1.12388,1.11044
1.10345,1.1179,1.12561,1.12388,1.11044,1.0844
1.1179,1.12561,1.12388,1.11044,1.0844,1.04683
1.12561,1.12388,1.11044,1.0844,1.04683,1.00034
1.12388,1.11044,1.0844,1.04683,1.00034,0.948103
1.11044,1.0844,1.04683,1.00034,0.948103,0.892971
1.0844,1.04683,1.00034,0.948103,0.892971,0.83713
1.04683,1.00034,0.948103,0.892971,0.83713,0.782067
1.00034,0.948103,0.892971,0.83713,0.782067,0.728734
0.948103,0.892971,0.83713,0.782067,0.728734,0.677759
0.892971,0.83713,0.782067,0.728734,0.677759,0.629651
0.83713,0.782067,0.728734,0.677759,0.629651,0.584995
0.782067,0.728734,0.677759,0.629651,0.584995,0.54466
0.728734,0.677759,0.629651,0.584995,0.54466,0.510031
0.677759,0.629651,0.584995,0.54466,0.510031,0.483226
0.629651,0.584995,0.54466,0.510031,0.483226,0.467095
0.584995,0.54466,0.510031,0.483226,0.467095,0.464561
0.54466,0.510031,0.483226,0.467095,0.464561,0.477062
0.510031,0.483226,0.467095,0.464561,0.477062,0.502944
0.483226,0.467095,0.464561,0.477062,0.502944,0.537478
0.467095,0.464561,0.477062,0.502944,0.537478,0.574636
0.464561,0.477062,0.502944,0.537478,0.574636,0.608925
0.477062,0.502944,0.537478,0.574636,0.608925,0.636337
0.502944,0.537478,0.574636,0.608925,0.636337,0.654664
0.537478,0.574636,0.608925,0.636337,0.654664,0.663467
0.574636,0.608925,0.636337,0.654664,0.663467,0.663736
0.608925,0.636337,0.654664,0.663467,0.663736,0.657395
0.636337,0.654664,0.663467,0.663736,0.657395,0.646886
0.654664,0.663467,0.663736,0.657395,0.646886,0.634981
0.663467,0.663736,0.657395,0.646886,0.634981,0.624809
0.663736,0.657395,0.646886,0.634981,0.624809,0.620003
0.657395,0.646886,0.634981,0.624809,0.620003,0.624764
0.646886,0.634981,0.624809,0.620003,0.624764,0.643424
0.634981,0.624809,0.620003,0.624764,0.643424,0.678944
0.624809,0.620003,0.624764,0.643424,0.678944,0.730542
0.620003,0.624764,0.643424,0.678944,0.730542,0.792542
0.624764,0.643424,0.678944,0.730542,0.792542,0.856508
0.643424,0.678944,0.730542,0.792542,0.856508,0.914938
0.678944,0.730542,0.792542,0.856508,0.914938,0.963285
0.730542,0.792542,0.856508,0.914938,0.963285,0.999791
0.792542,0.856508,0.914938,0.963285,0.999791,1.02452
0.856508,0.914938,0.963285,0.999791,1.02452,1.03852
0.914938,0.963285,0.999791,1.02452,1.03852,1.04335
0.963285,0.999791,1.02452,1.03852,1.04335,1.0409
0.999791,1.02452,1.03852,1.04335,1.0409,1.03339
1.02452,1.03852,1.04335,1.0409,1.03339,1.02342
1.03852,1.04335,1.0409,1.03339,1.02342,1.01395
1.04335,1.0409,1.03339,1.02342,1.01395,1.00791
1.0409,1.03339,1.02342,1.01395,1.00791,1.0076
1.03339,1.02342,1.01395,1.00791,1.0076,1.01412
1.02342,1.01395,1.00791,1.0076,1.01412,1.02719
1.01395,1.00791,1.0076,1.01412,1.02719,1.04541
1.00791,1.0076,1.01412,1.02719,1.04541,1.06676
1.0076,1.01412,1.02719,1.04541,1.06676,1.08915
1.01412,1.02719,1.04541,1.06676,1.08915,1.11077
1.02719,1.04541,1.06676,1.08915,1.11077,1.13028
1.04541,1.06676,1.08915,1.11077,1.13028,1.14678
1.06676,1.08915,1.11077,1.13028,1.14678,1.15984
1.08915,1.11077,1.13028,1.14678,1.15984,1.16951
1.11077,1.13028,1.14678,1.15984,1.16951,1.1764
1.13028,1.14678,1.15984,1.16951,1.1764,1.18173
1.14678,1.15984,1.16951,1.1764,1.18173,1.18738
1.15984,1.16951,1.1764,1.18173,1.18738,1.19578
1.16951,1.1764,1.18173,1.18738,1.19578,1.20923
1.1764,1.18173,1.18738,1.19578,1.20923,1.22835
1.18173,1.18738,1.19578,1.20923,1.22835,1.2499
1.18738,1.19578,1.20923,1.22835,1.2499,1.2662
1.19578,1.20923,1.22835,1.2499,1.2662,1.26926
1.20923,1.22835,1.2499,1.2662,1.26926,1.25647
1.22835,1.2499,1.2662,1.26926,1.25647,1.23091
1.2499,1.2662,1.26926,1.25647,1.23091,1.19792
1.2662,1.26926,1.25647,1.23091,1.19792,1.16258
1.26926,1.25647,1.23091,1.19792,1.16258,1.12885
1.25647,1.23091,1.19792,1.16258,1.12885,1.09946
1.23091,1.19792,1.16258,1.12885,1.09946,1.07604
1.19792,1.16258,1.12885,1.09946,1.07604,1.05898
1.16258,1.12885,1.09946,1.07604,1.05898,1.04747
1.12885,1.09946,1.07604,1.05898,1.04747,1.03954
1.09946,1.07604,1.05898,1.04747,1.03954,1.03253
1.07604,1.05898,1.04747,1.03954,1.03253,1.02359
1.05898,1.04747,1.03954,1.03253,1.02359,1.01026
1.04747,1.03954,1.03253,1.02359,1.01026,0.990936
1.03954,1.03253,1.02359,1.01026,0.990936,0.965199
1.03253,1.02359,1.01026,0.990936,0.965199,0.933722
1.02359,1.01026,0.990936,0.965199,0.933722,0.897913
1.01026,0.990936,0.965199,0.933722,0.897913,0.859465
0.990936,0.965199,0.933722,0.897913,0.859465,0.820007
0.965199,0.933722,0.897913,0.859465,0.820007,0.780922
0.933722,0.897913,0.859465,0.820007,0.780922,0.74325
0.897913,0.859465,0.820007,0.780922,0.74325,0.707647
0.859465,0.820007,0.780922,0.74325,0.707647,0.674332
0.820007,0.780922,0.74325,0.707647,0.674332,0.64304
0.780922,0.74325,0.707647,0.674332,0.64304,0.613011
